Ten Fold with Depth 4, initial sobolIdx 1, delay 0.
Value range index, Freq, Final Error, LowErrLen:
  0,   801, 5.969, 256.000
  1,  3177, 2.171, 256.000
  2,  5148, 1.052, 256.000
  3,  6610, 0.582, 256.000
  4,  9016, 0.348, 256.000
  5, 11130, 0.183, 256.000
  6, 12824, 0.104, 255.974
  7, 14817, 0.037, 251.785
  8, 17264, 0.021, 247.369
  9, 18806, 0.014, 120.440
 10,   407, 0.000, 37.000

Ten Fold with Depth 4, initial sobolIdx 2, delay 0.
Value range index, Freq, Final Error, LowErrLen:
  0,   765, 2.507, 256.000
  1,  3060, 0.856, 256.000
  2,  5139, 0.325, 256.000
  3,  6534, 0.286, 256.000
  4,  9055, 0.161, 256.000
  5, 11406, 0.053, 254.582
  6, 13145, 0.052, 253.106
  7, 14796, 0.034, 249.990
  8, 17059, 0.026, 207.327
  9, 18667, 0.022, 129.697
 10,   374, 0.000, 39.000

Ten Fold with Depth 4, initial sobolIdx 3, delay 0.
Value range index, Freq, Final Error, LowErrLen:
  0,   797, 1.921, 256.000
  1,  3016, 1.299, 256.000
  2,  5037, 0.856, 256.000
  3,  6645, 0.468, 256.000
  4,  8981, 0.248, 256.000
  5, 11498, 0.106, 255.588
  6, 12996, 0.049, 254.078
  7, 14794, 0.019, 250.799
  8, 17159, 0.016, 198.043
  9, 18688, 0.022, 116.528
 10,   389, 0.000, 39.000

Ten Fold with Depth 4, initial sobolIdx 4, delay 0.
Value range index, Freq, Final Error, LowErrLen:
  0,   790, 1.064, 256.000
  1,  3245, 0.410, 256.000
  2,  5022, 0.555, 256.000
  3,  6674, 0.216, 256.000
  4,  8847, 0.177, 256.000
  5, 11321, 0.156, 256.000
  6, 12769, 0.072, 253.623
  7, 14844, 0.068, 254.429
  8, 17151, 0.038, 213.995
  9, 18967, 0.018, 192.698
 10,   370, 0.000, 36.000

Ten Fold with Depth 4, initial sobolIdx 5, delay 0.
Value range index, Freq, Final Error, LowErrLen:
  0,   788, 0.300, 250.289
  1,  3134, 0.172, 255.241
  2,  4981, 0.271, 256.000
  3,  6806, 0.341, 256.000
  4,  8858, 0.159, 255.738
  5, 11522, 0.093, 254.237
  6, 12857, 0.034, 249.866
  7, 14856, 0.028, 250.085
  8, 17129, 0.022, 223.494
  9, 18702, 0.017, 169.201
 10,   367, 0.000, 43.000

Ten Fold with Depth 4, initial sobolIdx 6, delay 0.
Value range index, Freq, Final Error, LowErrLen:
  0,   733, 2.639, 256.000
  1,  3258, 0.935, 256.000
  2,  5049, 0.261, 256.000
  3,  6723, 0.076, 253.397
  4,  8772, 0.074, 252.012
  5, 11242, 0.071, 245.958
  6, 12951, 0.074, 244.282
  7, 14960, 0.080, 246.212
  8, 17236, 0.036, 185.859
  9, 18660, 0.016, 106.696
 10,   416, 0.000, 38.000

Ten Fold with Depth 4, initial sobolIdx 7, delay 0.
Value range index, Freq, Final Error, LowErrLen:
  0,   820, 2.512, 256.000
  1,  3136, 0.831, 256.000
  2,  5201, 0.596, 256.000
  3,  6763, 0.420, 256.000
  4,  8910, 0.220, 256.000
  5, 11449, 0.086, 255.790
  6, 12723, 0.088, 255.596
  7, 14838, 0.028, 249.705
  8, 16991, 0.023, 198.336
  9, 18763, 0.009, 91.270
 10,   406, 0.000, 38.000

Ten Fold with Depth 4, initial sobolIdx 8, delay 0.
Value range index, Freq, Final Error, LowErrLen:
  0,   749, 4.498, 256.000
  1,  3204, 2.100, 256.000
  2,  5126, 1.096, 256.000
  3,  6661, 0.626, 256.000
  4,  8941, 0.324, 256.000
  5, 11329, 0.209, 256.000
  6, 12785, 0.107, 256.000
  7, 14770, 0.075, 249.168
  8, 17351, 0.025, 198.493
  9, 18714, 0.014, 129.215
 10,   370, 0.000, 39.000

Ten Fold with Depth 4, initial sobolIdx 9, delay 0.
Value range index, Freq, Final Error, LowErrLen:
  0,   784, 2.625, 256.000
  1,  3166, 1.027, 256.000
  2,  5039, 0.415, 256.000
  3,  6609, 0.395, 256.000
  4,  8873, 0.237, 256.000
  5, 11362, 0.136, 256.000
  6, 12827, 0.078, 253.411
  7, 15062, 0.034, 226.768
  8, 17110, 0.018, 183.198
  9, 18756, 0.016, 82.418
 10,   412, 0.000, 36.000

Ten Fold with Depth 4, initial sobolIdx 10, delay 0.
Value range index, Freq, Final Error, LowErrLen:
  0,   819, 1.060, 256.000
  1,  3075, 1.034, 256.000
  2,  5107, 0.939, 256.000
  3,  6682, 0.498, 256.000
  4,  9091, 0.260, 256.000
  5, 11424, 0.135, 256.000
  6, 13094, 0.048, 249.599
  7, 14715, 0.031, 224.415
  8, 16930, 0.020, 191.595
  9, 18675, 0.019, 98.524
 10,   388, 0.000, 37.000




 Ten Fold with Depth 2, initial sobolIdx 1, delay 0.
Value range index, Freq, Final Error, LowErrLen:
  0,   846, 5.972, 256.000
  1,  3152, 1.659, 256.000
  2,  5145, 0.737, 256.000
  3,  6518, 0.423, 255.636
  4,  8920, 0.226, 255.735
  5, 11231, 0.155, 255.256
  6, 12890, 0.088, 255.236
  7, 14940, 0.035, 155.950
  8, 17235, 0.039, 178.665
  9, 18738, 0.030, 244.149
 10,   385, 0.000, 256.000

Ten Fold with Depth 2, initial sobolIdx 2, delay 0.
Value range index, Freq, Final Error, LowErrLen:
  0,   810, 2.476, 256.000
  1,  3204, 0.772, 256.000
  2,  5011, 0.264, 256.000
  3,  6686, 0.130, 255.845
  4,  8862, 0.064, 254.962
  5, 11280, 0.058, 250.373
  6, 12959, 0.069, 254.694
  7, 14834, 0.034, 247.896
  8, 17217, 0.038, 248.765
  9, 18759, 0.026, 248.237
 10,   378, 0.000, 256.000

Ten Fold with Depth 2, initial sobolIdx 3, delay 0.
Value range index, Freq, Final Error, LowErrLen:
  0,   788, 2.530, 256.000
  1,  3057, 1.341, 256.000
  2,  5098, 0.810, 255.767
  3,  6662, 0.194, 256.000
  4,  8952, 0.177, 256.000
  5, 11344, 0.106, 255.859
  6, 12905, 0.047, 255.019
  7, 14745, 0.023, 226.441
  8, 17124, 0.024, 218.700
  9, 18901, 0.050, 241.800
 10,   424, 0.000, 256.000

Ten Fold with Depth 2, initial sobolIdx 4, delay 0.
Value range index, Freq, Final Error, LowErrLen:
  0,   791, 2.468, 256.000
  1,  3087, 0.922, 256.000
  2,  5102, 0.482, 256.000
  3,  6670, 0.195, 256.000
  4,  8955, 0.166, 256.000
  5, 11300, 0.108, 255.506
  6, 13018, 0.078, 253.851
  7, 14765, 0.058, 246.254
  8, 17115, 0.014, 243.963
  9, 18828, 0.034, 246.774
 10,   369, 0.000, 256.000

Ten Fold with Depth 2, initial sobolIdx 5, delay 0.
Value range index, Freq, Final Error, LowErrLen:
  0,   770, 2.511, 256.000
  1,  3178, 0.819, 256.000
  2,  5048, 0.234, 256.000
  3,  6610, 0.061, 255.217
  4,  8854, 0.032, 254.699
  5, 11368, 0.046, 254.499
  6, 13021, 0.022, 248.904
  7, 14651, 0.029, 237.165
  8, 17239, 0.061, 255.771
  9, 18878, 0.034, 222.198
 10,   383, 0.000, 256.000

Ten Fold with Depth 2, initial sobolIdx 6, delay 0.
Value range index, Freq, Final Error, LowErrLen:
  0,   835, 2.630, 256.000
  1,  3187, 0.942, 256.000
  2,  5143, 0.306, 256.000
  3,  6806, 0.051, 251.895
  4,  8974, 0.047, 246.489
  5, 11264, 0.077, 255.411
  6, 12737, 0.054, 253.921
  7, 14885, 0.050, 242.379
  8, 17110, 0.023, 217.060
  9, 18624, 0.046, 237.057
 10,   435, 0.000, 256.000

Ten Fold with Depth 2, initial sobolIdx 7, delay 0.
Value range index, Freq, Final Error, LowErrLen:
  0,   779, 2.491, 256.000
  1,  3079, 0.910, 256.000
  2,  5074, 0.373, 256.000
  3,  6562, 0.345, 256.000
  4,  9145, 0.290, 256.000
  5, 11544, 0.153, 256.000
  6, 12799, 0.082, 254.849
  7, 14775, 0.025, 239.260
  8, 17194, 0.016, 222.678
  9, 18672, 0.043, 239.320
 10,   377, 0.000, 256.000

Ten Fold with Depth 2, initial sobolIdx 8, delay 0.
Value range index, Freq, Final Error, LowErrLen:
  0,   791, 2.468, 256.000
  1,  3132, 1.637, 256.000
  2,  5064, 0.776, 256.000
  3,  6601, 0.348, 256.000
  4,  9041, 0.236, 255.830
  5, 11320, 0.108, 254.646
  6, 12838, 0.068, 253.006
  7, 14789, 0.025, 239.744
  8, 17171, 0.049, 252.164
  9, 18872, 0.034, 225.533
 10,   381, 0.000, 256.000

Ten Fold with Depth 2, initial sobolIdx 9, delay 0.
Value range index, Freq, Final Error, LowErrLen:
  0,   769, 2.769, 256.000
  1,  3087, 1.140, 256.000
  2,  5063, 0.303, 256.000
  3,  6572, 0.289, 256.000
  4,  8946, 0.228, 256.000
  5, 11440, 0.087, 256.000
  6, 12808, 0.061, 251.807
  7, 14789, 0.021, 218.540
  8, 17239, 0.034, 203.422
  9, 18879, 0.051, 227.323
 10,   408, 0.000, 256.000

Ten Fold with Depth 2, initial sobolIdx 10, delay 0.
Value range index, Freq, Final Error, LowErrLen:
  0,   807, 3.129, 256.000
  1,  3138, 1.581, 256.000
  2,  4991, 0.779, 256.000
  3,  6751, 0.440, 256.000
  4,  8841, 0.242, 256.000
  5, 11281, 0.147, 256.000
  6, 12926, 0.069, 253.321
  7, 14691, 0.038, 197.949
  8, 17251, 0.035, 187.680
  9, 18940, 0.037, 192.762
 10,   383, 0.000, 256.000




Ten Fold with Depth 2, initial sobolIdx 1, delay 1.
Value range index, Freq, Final Error, LowErrLen:
  0,   802, 2.476, 256.000
  1,  3039, 0.767, 256.000
  2,  5124, 0.346, 256.000
  3,  6643, 0.147, 243.714
  4,  8998, 0.047, 181.380
  5, 11250, 0.030, 121.019
  6, 13004, 0.046, 164.098
  7, 14519, 0.039, 163.732
  8, 17415, 0.023, 31.025
  9, 18794, 0.014, 121.968
 10,   412, 0.000, 256.000

Ten Fold with Depth 2, initial sobolIdx 2, delay 1.
Value range index, Freq, Final Error, LowErrLen:
  0,   832, 4.134, 256.000
  1,  3079, 1.677, 256.000
  2,  5106, 0.816, 256.000
  3,  6632, 0.528, 256.000
  4,  8960, 0.338, 256.000
  5, 11286, 0.180, 256.000
  6, 13007, 0.087, 255.766
  7, 14764, 0.024, 246.488
  8, 17321, 0.016, 107.614
  9, 18591, 0.022, 192.408
 10,   422, 0.000, 256.000

Ten Fold with Depth 2, initial sobolIdx 3, delay 1.
Value range index, Freq, Final Error, LowErrLen:
  0,   812, 2.470, 256.000
  1,  3057, 0.809, 256.000
  2,  5080, 0.379, 256.000
  3,  6633, 0.301, 256.000
  4,  9103, 0.102, 255.162
  5, 11444, 0.092, 255.439
  6, 12969, 0.069, 255.090
  7, 14799, 0.048, 250.468
  8, 16857, 0.017, 180.397
  9, 18852, 0.050, 244.635
 10,   394, 0.000, 256.000

Ten Fold with Depth 2, initial sobolIdx 4, delay 1.
Value range index, Freq, Final Error, LowErrLen:
  0,   804, 2.899, 256.000
  1,  3114, 1.349, 256.000
  2,  4979, 0.961, 256.000
  3,  6623, 0.471, 256.000
  4,  8914, 0.293, 256.000
  5, 11223, 0.185, 256.000
  6, 13023, 0.092, 255.766
  7, 14769, 0.052, 249.647
  8, 17278, 0.019, 164.698
  9, 18866, 0.028, 229.498
 10,   407, 0.000, 256.000

Ten Fold with Depth 2, initial sobolIdx 5, delay 1.
Value range index, Freq, Final Error, LowErrLen:
  0,   793, 2.922, 256.000
  1,  3043, 1.017, 256.000
  2,  5165, 0.292, 256.000
  3,  6624, 0.172, 256.000
  4,  9030, 0.141, 255.703
  5, 11457, 0.166, 256.000
  6, 12691, 0.116, 255.313
  7, 14869, 0.067, 246.061
  8, 17360, 0.031, 169.718
  9, 18542, 0.020, 220.920
 10,   426, 0.000, 256.000

Ten Fold with Depth 2, initial sobolIdx 6, delay 1.
Value range index, Freq, Final Error, LowErrLen:
  0,   788, 2.785, 256.000
  1,  3084, 1.176, 256.000
  2,  5107, 0.469, 256.000
  3,  6744, 0.402, 256.000
  4,  9040, 0.280, 256.000
  5, 11238, 0.157, 256.000
  6, 12957, 0.062, 253.675
  7, 14957, 0.071, 246.969
  8, 17031, 0.021, 115.381
  9, 18661, 0.038, 178.310
 10,   393, 0.000, 256.000

Ten Fold with Depth 2, initial sobolIdx 7, delay 1.
Value range index, Freq, Final Error, LowErrLen:
  0,   745, 2.881, 256.000
  1,  3069, 1.028, 256.000
  2,  5190, 0.355, 256.000
  3,  6532, 0.145, 256.000
  4,  9083, 0.081, 240.296
  5, 11395, 0.017, 242.832
  6, 12967, 0.052, 249.540
  7, 14853, 0.053, 237.537
  8, 17082, 0.017, 127.534
  9, 18707, 0.043, 240.238
 10,   377, 0.000, 256.000

Ten Fold with Depth 2, initial sobolIdx 8, delay 1.
Value range index, Freq, Final Error, LowErrLen:
  0,   780, 2.897, 256.000
  1,  3162, 1.249, 256.000
  2,  5110, 0.741, 256.000
  3,  6567, 0.480, 256.000
  4,  9019, 0.374, 256.000
  5, 11434, 0.186, 256.000
  6, 12733, 0.105, 256.000
  7, 14739, 0.061, 253.237
  8, 17358, 0.024, 131.742
  9, 18711, 0.012, 143.781
 10,   387, 0.000, 256.000

Ten Fold with Depth 2, initial sobolIdx 9, delay 1.
Value range index, Freq, Final Error, LowErrLen:
  0,   787, 3.318, 256.000
  1,  3113, 1.798, 256.000
  2,  5080, 0.781, 256.000
  3,  6601, 0.479, 256.000
  4,  8789, 0.328, 256.000
  5, 11427, 0.187, 256.000
  6, 12766, 0.096, 254.467
  7, 14968, 0.043, 241.431
  8, 17268, 0.023, 149.484
  9, 18798, 0.023, 141.901
 10,   403, 0.000, 256.000

Ten Fold with Depth 2, initial sobolIdx 10, delay 1.
Value range index, Freq, Final Error, LowErrLen:
  0,   757, 3.194, 256.000
  1,  3013, 1.380, 256.000
  2,  5198, 0.610, 256.000
  3,  6658, 0.390, 256.000
  4,  9112, 0.341, 256.000
  5, 11080, 0.189, 256.000
  6, 12768, 0.121, 256.000
  7, 14822, 0.084, 248.783
  8, 17267, 0.038, 125.118
  9, 18913, 0.017, 164.549
 10,   412, 0.000, 256.000



Ten Fold with Depth 4, initial sobolIdx 1, delay 1.
Value range index, Freq, Final Error, LowErrLen:
  0,   768, 0.209, 168.883
  1,  3152, 0.558, 256.000
  2,  5234, 0.378, 256.000
  3,  6694, 0.177, 229.584
  4,  8942, 0.043, 175.149
  5, 11391, 0.023, 94.505
  6, 12885, 0.038, 142.623
  7, 14854, 0.045, 153.525
  8, 17030, 0.018, 37.146
  9, 18634, 0.014, 33.828
 10,   416, 0.000, 36.000

Ten Fold with Depth 4, initial sobolIdx 2, delay 1.
Value range index, Freq, Final Error, LowErrLen:
  0,   768, 5.663, 256.000
  1,  3132, 2.331, 256.000
  2,  5097, 1.089, 256.000
  3,  6635, 0.605, 256.000
  4,  8964, 0.338, 256.000
  5, 11463, 0.179, 256.000
  6, 12845, 0.090, 255.757
  7, 14858, 0.034, 252.243
  8, 17055, 0.016, 194.246
  9, 18824, 0.012, 94.338
 10,   359, 0.000, 36.000

Ten Fold with Depth 4, initial sobolIdx 3, delay 1.
Value range index, Freq, Final Error, LowErrLen:
  0,   797, 2.466, 256.000
  1,  3123, 0.929, 256.000
  2,  5127, 0.317, 256.000
  3,  6588, 0.302, 256.000
  4,  8992, 0.182, 255.387
  5, 11328, 0.076, 254.745
  6, 12957, 0.061, 253.811
  7, 14757, 0.052, 249.536
  8, 17121, 0.022, 199.721
  9, 18793, 0.014, 81.379
 10,   417, 0.000, 38.000

Ten Fold with Depth 4, initial sobolIdx 4, delay 1.
Value range index, Freq, Final Error, LowErrLen:
  0,   739, 2.346, 256.000
  1,  3064, 1.375, 256.000
  2,  5083, 1.068, 256.000
  3,  6563, 0.589, 256.000
  4,  9089, 0.351, 256.000
  5, 11304, 0.198, 256.000
  6, 12853, 0.083, 254.799
  7, 14927, 0.041, 252.240
  8, 17307, 0.016, 211.022
  9, 18705, 0.013, 95.115
 10,   366, 0.000, 38.000

Ten Fold with Depth 4, initial sobolIdx 5, delay 1.
Value range index, Freq, Final Error, LowErrLen:
  0,   857, 1.489, 256.000
  1,  3185, 0.945, 256.000
  2,  5133, 0.311, 256.000
  3,  6612, 0.308, 256.000
  4,  8983, 0.231, 256.000
  5, 11445, 0.159, 256.000
  6, 12800, 0.125, 256.000
  7, 14806, 0.089, 256.000
  8, 17078, 0.059, 234.273
  9, 18694, 0.030, 103.810
 10,   407, 0.000, 35.000

Ten Fold with Depth 4, initial sobolIdx 6, delay 1.
Value range index, Freq, Final Error, LowErrLen:
  0,   812, 0.460, 256.000
  1,  3123, 0.195, 255.527
  2,  5114, 0.369, 255.706
  3,  6592, 0.469, 256.000
  4,  8917, 0.226, 256.000
  5, 11413, 0.143, 256.000
  6, 12769, 0.059, 249.851
  7, 14740, 0.030, 244.277
  8, 17048, 0.024, 229.175
  9, 19065, 0.017, 107.478
 10,   407, 0.000, 42.000

Ten Fold with Depth 4, initial sobolIdx 7, delay 1.
Value range index, Freq, Final Error, LowErrLen:
  0,   771, 2.890, 256.000
  1,  3130, 1.038, 256.000
  2,  4998, 0.402, 256.000
  3,  6717, 0.146, 256.000
  4,  8972, 0.076, 246.547
  5, 11394, 0.025, 232.407
  6, 13007, 0.046, 242.949
  7, 14776, 0.073, 240.595
  8, 16957, 0.018, 177.472
  9, 18880, 0.011, 78.278
 10,   398, 0.000, 37.000

Ten Fold with Depth 4, initial sobolIdx 8, delay 1.
Value range index, Freq, Final Error, LowErrLen:
  0,   803, 2.924, 256.000
  1,  3111, 1.193, 256.000
  2,  4926, 0.694, 256.000
  3,  6734, 0.490, 256.000
  4,  8840, 0.253, 256.000
  5, 11372, 0.135, 256.000
  6, 12903, 0.087, 256.000
  7, 14765, 0.051, 252.835
  8, 17355, 0.024, 204.542
  9, 18792, 0.012, 68.539
 10,   399, 0.000, 37.000

Ten Fold with Depth 4, initial sobolIdx 9, delay 1.
Value range index, Freq, Final Error, LowErrLen:
  0,   737, 3.496, 256.000
  1,  3296, 2.184, 256.000
  2,  5082, 1.095, 256.000
  3,  6717, 0.649, 256.000
  4,  9208, 0.359, 256.000
  5, 11334, 0.196, 256.000
  6, 12828, 0.115, 254.357
  7, 14676, 0.042, 239.254
  8, 16977, 0.038, 206.981
  9, 18758, 0.017, 77.258
 10,   387, 0.000, 38.000

Ten Fold with Depth 4, initial sobolIdx 10, delay 1.
Value range index, Freq, Final Error, LowErrLen:
  0,   811, 3.061, 256.000
  1,  3168, 1.246, 256.000
  2,  5090, 0.678, 256.000
  3,  6658, 0.539, 256.000
  4,  8891, 0.329, 256.000
  5, 11545, 0.212, 256.000
  6, 12812, 0.124, 256.000
  7, 14762, 0.069, 245.074
  8, 17202, 0.025, 179.299
  9, 18667, 0.014, 46.319
 10,   394, 0.000, 35.000





Ten Fold with Depth 2, initial sobolIdx 1, delay 1.
Value range index, Freq, Final Error, LowErrLen:
  0,   784, 0.840, 256.000
  1,  3227, 0.757, 256.000
  2,  5114, 0.621, 256.000
  3,  6427, 0.577, 256.000
  4,  8953, 0.450, 256.000
  5, 11420, 0.330, 256.000
  6, 12976, 0.234, 256.000
  7, 14745, 0.225, 256.000
  8, 17134, 0.112, 256.000
  9, 18839, 0.041, 237.886
 10,   381, 0.000, 256.000

Ten Fold with Depth 2, initial sobolIdx 2, delay 1.
Value range index, Freq, Final Error, LowErrLen:
  0,   807, 1.000, 256.000
  1,  3135, 0.890, 256.000
  2,  4990, 0.620, 256.000
  3,  6701, 0.372, 256.000
  4,  8970, 0.177, 256.000
  5, 11253, 0.087, 255.370
  6, 12695, 0.270, 256.000
  7, 14917, 0.332, 256.000
  8, 17247, 0.182, 256.000
  9, 18911, 0.062, 256.000
 10,   374, 0.000, 256.000

Ten Fold with Depth 2, initial sobolIdx 3, delay 1.
Value range index, Freq, Final Error, LowErrLen:
  0,   744, 1.000, 256.000
  1,  3093, 0.888, 256.000
  2,  5125, 0.620, 256.000
  3,  6693, 0.373, 256.000
  4,  8855, 0.174, 256.000
  5, 11420, 0.073, 254.809
  6, 12894, 0.050, 253.459
  7, 14970, 0.029, 213.189
  8, 17193, 0.036, 247.010
  9, 18619, 0.034, 234.300
 10,   394, 0.000, 256.000

Ten Fold with Depth 2, initial sobolIdx 4, delay 1.
Value range index, Freq, Final Error, LowErrLen:
  0,   773, 1.000, 256.000
  1,  3039, 0.613, 256.000
  2,  5105, 0.352, 256.000
  3,  6692, 0.211, 256.000
  4,  8900, 0.075, 254.297
  5, 11381, 0.108, 255.259
  6, 12917, 0.238, 256.000
  7, 14772, 0.214, 256.000
  8, 17330, 0.076, 251.218
  9, 18684, 0.023, 231.852
 10,   407, 0.000, 256.000

Ten Fold with Depth 2, initial sobolIdx 5, delay 1.
Value range index, Freq, Final Error, LowErrLen:
  0,   803, 1.000, 256.000
  1,  3222, 0.797, 256.000
  2,  5011, 0.550, 256.000
  3,  6711, 0.335, 256.000
  4,  9055, 0.228, 255.909
  5, 11333, 0.127, 256.000
  6, 12716, 0.053, 254.160
  7, 14733, 0.091, 255.901
  8, 17202, 0.029, 234.834
  9, 18795, 0.031, 233.784
 10,   419, 0.000, 256.000

Ten Fold with Depth 2, initial sobolIdx 6, delay 1.
Value range index, Freq, Final Error, LowErrLen:
  0,   798, 0.723, 256.000
  1,  3219, 0.555, 256.000
  2,  5027, 0.409, 256.000
  3,  6692, 0.253, 256.000
  4,  8835, 0.143, 256.000
  5, 11301, 0.065, 255.013
  6, 12885, 0.103, 255.556
  7, 14949, 0.057, 245.224
  8, 17037, 0.062, 253.741
  9, 18878, 0.044, 225.445
 10,   379, 0.000, 256.000

Ten Fold with Depth 2, initial sobolIdx 7, delay 1.
Value range index, Freq, Final Error, LowErrLen:
  0,   810, 1.000, 256.000
  1,  3025, 0.795, 256.000
  2,  5081, 0.554, 256.000
  3,  6606, 0.334, 256.000
  4,  8954, 0.148, 255.214
  5, 11315, 0.075, 255.629
  6, 12878, 0.140, 256.000
  7, 14847, 0.126, 252.781
  8, 17169, 0.071, 250.362
  9, 18918, 0.036, 181.623
 10,   397, 0.000, 256.000

Ten Fold with Depth 2, initial sobolIdx 8, delay 1.
Value range index, Freq, Final Error, LowErrLen:
  0,   758, 1.000, 256.000
  1,  3119, 0.673, 256.000
  2,  5119, 0.472, 256.000
  3,  6590, 0.296, 256.000
  4,  8919, 0.164, 255.473
  5, 11276, 0.050, 254.532
  6, 12958, 0.172, 256.000
  7, 14873, 0.132, 256.000
  8, 17257, 0.046, 238.069
  9, 18754, 0.039, 187.208
 10,   377, 0.000, 256.000

Ten Fold with Depth 2, initial sobolIdx 9, delay 1.
Value range index, Freq, Final Error, LowErrLen:
  0,   801, 0.746, 256.000
  1,  3128, 0.572, 256.000
  2,  5058, 0.532, 256.000
  3,  6639, 0.340, 256.000
  4,  8984, 0.143, 254.455
  5, 11297, 0.109, 255.459
  6, 12922, 0.293, 256.000
  7, 14977, 0.296, 256.000
  8, 17077, 0.146, 256.000
  9, 18727, 0.036, 221.487
 10,   390, 0.000, 256.000

Ten Fold with Depth 2, initial sobolIdx 10, delay 1.
Value range index, Freq, Final Error, LowErrLen:
  0,   811, 0.739, 256.000
  1,  3019, 0.555, 256.000
  2,  5139, 0.398, 256.000
  3,  6714, 0.237, 256.000
  4,  8874, 0.086, 247.162
  5, 11379, 0.035, 233.231
  6, 12953, 0.080, 245.406
  7, 14676, 0.041, 191.538
  8, 17182, 0.054, 240.752
  9, 18854, 0.021, 206.664
 10,   399, 0.000, 256.000