LFSR delayed:
1 , 0.992, 0.391, 0.314, 0.268, 0.280, 0.231, 0.293, 0.202, 0.233, 0.212, 0.221, 0.245, 0.300, 0.243, 0.191, 
2 , 0.992, 0.374, 0.284, 0.267, 0.240, 0.272, 0.224, 0.239, 0.211, 0.205, 0.215, 0.202, 0.187, 0.232, 0.245, 
3 , 0.992, 0.344, 0.252, 0.229, 0.236, 0.199, 0.240, 0.176, 0.225, 0.203, 0.172, 0.208, 0.267, 0.203, 0.202, 
4 , 0.992, 0.367, 0.265, 0.226, 0.222, 0.228, 0.232, 0.196, 0.210, 0.184, 0.234, 0.275, 0.264, 0.192, 0.203, 
5 , 0.992, 0.350, 0.237, 0.221, 0.199, 0.187, 0.192, 0.206, 0.208, 0.220, 0.198, 0.193, 0.198, 0.188, 0.195, 
6 , 0.992, 0.346, 0.252, 0.246, 0.221, 0.225, 0.191, 0.247, 0.191, 0.213, 0.221, 0.298, 0.186, 0.187, 0.175, 
7 , 0.992, 0.350, 0.275, 0.260, 0.295, 0.256, 0.223, 0.197, 0.326, 0.204, 0.221, 0.186, 0.201, 0.195, 0.173, 
8 , 0.992, 0.368, 0.279, 0.259, 0.270, 0.242, 0.276, 0.215, 0.277, 0.190, 0.210, 0.218, 0.303, 0.180, 0.188, 
9 , 0.992, 0.358, 0.277, 0.213, 0.211, 0.187, 0.202, 0.217, 0.200, 0.212, 0.220, 0.238, 0.197, 0.221, 0.236, 
10, 0.992, 0.346, 0.269, 0.198, 0.203, 0.198, 0.217, 0.197, 0.202, 0.180, 0.221, 0.188, 0.243, 0.183, 0.175, 
11, 0.992, 0.361, 0.309, 0.261, 0.243, 0.210, 0.208, 0.256, 0.215, 0.207, 0.198, 0.222, 0.218, 0.335, 0.254, 
12, 0.992, 0.344, 0.257, 0.235, 0.197, 0.194, 0.214, 0.201, 0.197, 0.178, 0.205, 0.190, 0.221, 0.220, 0.266, 
13, 0.992, 0.320, 0.245, 0.259, 0.208, 0.188, 0.203, 0.235, 0.191, 0.244, 0.185, 0.194, 0.201, 0.204, 0.232, 
14, 0.992, 0.314, 0.248, 0.217, 0.218, 0.253, 0.200, 0.179, 0.184, 0.224, 0.225, 0.193, 0.202, 0.202, 0.247, 
15, 0.992, 0.318, 0.246, 0.229, 0.203, 0.214, 0.188, 0.202, 0.182, 0.243, 0.195, 0.233, 0.210, 0.264, 0.195, 
SOBOL delayed:
1 , 0.996, 0.500, 0.629, 0.488, 0.863, 0.487, 0.627, 0.489, 0.955, 0.489, 0.627, 0.490, 0.862, 0.491, 0.627, 
2 , 0.996, 0.618, 0.827, 0.626, 0.828, 0.616, 0.851, 0.608, 0.827, 0.618, 0.840, 0.607, 0.853, 0.606, 0.831, 
3 , 0.996, 0.304, 0.309, 0.274, 0.326, 0.260, 0.277, 0.285, 0.313, 0.259, 0.247, 0.260, 0.306, 0.241, 0.334, 
4 , 0.996, 0.323, 0.314, 0.298, 0.273, 0.233, 0.274, 0.293, 0.305, 0.352, 0.259, 0.323, 0.289, 0.246, 0.295, 
5 , 0.996, 0.315, 0.309, 0.353, 0.334, 0.274, 0.353, 0.259, 0.396, 0.286, 0.314, 0.244, 0.334, 0.278, 0.315, 
6 , 0.996, 0.344, 0.349, 0.295, 0.364, 0.288, 0.330, 0.259, 0.367, 0.263, 0.337, 0.262, 0.389, 0.375, 0.313, 
7 , 0.996, 0.356, 0.375, 0.330, 0.394, 0.277, 0.367, 0.337, 0.451, 0.336, 0.346, 0.296, 0.373, 0.306, 0.345, 
8 , 0.996, 0.298, 0.297, 0.288, 0.310, 0.273, 0.313, 0.287, 0.328, 0.304, 0.292, 0.225, 0.341, 0.314, 0.311, 
9 , 0.996, 0.428, 0.466, 0.321, 0.327, 0.298, 0.306, 0.279, 0.310, 0.277, 0.328, 0.281, 0.290, 0.267, 0.292, 
10, 0.996, 0.390, 0.400, 0.323, 0.450, 0.297, 0.332, 0.299, 0.486, 0.304, 0.327, 0.307, 0.390, 0.299, 0.343, 
11, 0.996, 0.353, 0.332, 0.307, 0.325, 0.258, 0.251, 0.329, 0.381, 0.324, 0.265, 0.253, 0.311, 0.294, 0.293, 
12, 0.996, 0.305, 0.325, 0.326, 0.310, 0.241, 0.343, 0.304, 0.343, 0.349, 0.269, 0.263, 0.349, 0.241, 0.316, 
13, 0.996, 0.335, 0.334, 0.261, 0.314, 0.275, 0.273, 0.259, 0.342, 0.306, 0.259, 0.276, 0.317, 0.451, 0.272, 
14, 0.996, 0.337, 0.368, 0.288, 0.317, 0.305, 0.317, 0.262, 0.359, 0.251, 0.347, 0.295, 0.307, 0.359, 0.316, 
15, 0.996, 0.314, 0.333, 0.300, 0.366, 0.360, 0.285, 0.260, 0.390, 0.293, 0.335, 0.273, 0.343, 0.246, 0.330, 
LFSR incremental:
1 , 0.316, 
SOBOL incremental:
1 , 0.217, 