Format: Max, Min,90%,80%,70%,30%,20%,10%,Iteration

[117.264313][-0.534232616][4.38467932][1.45349991][0.820006371][0.158824086][0.0894597247][0.0259540323][0]
[1.66753817][-0.979122639][0.00108390441][0.00037510827][0.000165156351][-0.000177055568][-0.000404493476][-0.00125547056][0]
[4.82181835][-2.98672676][0.00236289063][0.000782709336][0.000341514649][-0.000347936293][-0.000812159968][-0.00272662262][1]
[8.34150124][-5.2150979][0.00464040786][0.00152682][0.000675980235][-0.000555145321][-0.00131713436][-0.00451985188][2]
[118.120453][-0.54009068][4.22505188][1.38261509][0.780861497][0.14891836][0.0821328536][0.021535255][0]
[1.25430465][-1.06685638][0.000981966][0.000339819759][0.000149245345][-0.000163379416][-0.00037153][-0.00114523713][0]
[3.98658204][-3.1342392][0.00213337643][0.000707507716][0.000307342445][-0.000319205][-0.000741768163][-0.00247943401][1]
[7.52857876][-5.44600296][0.00426732376][0.00141658867][0.000625585904][-0.00051455549][-0.00121756934][-0.00415382581][2]
[115.998039][-0.517034113][4.18159437][1.36227465][0.772350967][0.154358923][0.0871063][0.0245570056][0]
[1.1839354][-1.12844741][0.000996651477][0.000346158107][0.000153379544][-0.000167475344][-0.000379840756][-0.00116658676][0]
[3.89110446][-3.07076836][0.00219057291][0.000730790431][0.000320036546][-0.000331415969][-0.000770179671][-0.00257079536][1]
[7.23953104][-5.23637962][0.00440503377][0.00146021112][0.000647579553][-0.000537317246][-0.00127633789][-0.00436478108][2]
[115.565536][-0.480708241][4.3388834][1.43929398][0.809252143][0.157280415][0.0881475136][0.0252838582][0]
[1.20853245][-0.926240444][0.00109654467][0.000380745856][0.000167996739][-0.000177316484][-0.000403675018][-0.00122952962][0]
[3.96856213][-2.70221066][0.00242204568][0.000803374569][0.000350503396][-0.0003536148][-0.000827875803][-0.00271742838][1]
[7.36668968][-4.84051323][0.00467862096][0.00154151884][0.000682960206][-0.000565219205][-0.0013384507][-0.00456073182][2]
[118.443825][-0.50148195][4.24149418][1.40971816][0.794674158][0.150942534][0.0832274][0.0210309587][0]
[1.26537132][-0.832495][0.00108078681][0.000372042297][0.000161917575][-0.00017394108][-0.000402579142][-0.00124894304][0]
[3.92092609][-2.66270375][0.00240321644][0.000788371][0.000338320679][-0.000346866902][-0.000825756113][-0.00279641524][1]
[7.00401][-4.82568264][0.00468968274][0.00154629943][0.000679152901][-0.000565469207][-0.00135633175][-0.00476520229][2]
[113.84845][-0.567009807][4.19518518][1.38117445][0.782435358][0.152991295][0.0839437917][0.0215091985][0]
[1.57714176][-0.902400851][0.00103242672][0.000359953614][0.000159145595][-0.000171100008][-0.0003920444][-0.00121153332][0]
[4.76371384][-2.80996799][0.00224794727][0.000754669483][0.000330042589][-0.000336215948][-0.00079017668][-0.00263241446][1]
[8.39165688][-5.01026487][0.00444044638][0.00148710818][0.000658599602][-0.000543528][-0.00129532511][-0.00445473054][2]
[117.821396][-0.448905677][4.3650918][1.4387759][0.80463][0.160926104][0.0909733623][0.0274732579][0]
[1.43283582][-1.01809585][0.00108901][0.000374848081][0.000163817254][-0.000177037087][-0.000407185638][-0.00125235482][0]
[4.3874979][-2.93551469][0.00239008875][0.000789653161][0.000340527884][-0.000351342489][-0.000828207354][-0.00276743644][1]
[7.83530712][-5.08379459][0.00466334634][0.00152839138][0.000669293397][-0.000563040376][-0.00134494342][-0.00462454278][2]
[115.931755][-0.508054256][4.21969604][1.42930329][0.811768293][0.160144299][0.0902524218][0.0273867659][0]
[1.16481709][-0.978326499][0.0010245475][0.000352976029][0.00015439307][-0.000168152706][-0.000385961554][-0.00119001756][0]
[3.4828155][-2.94356394][0.00223511644][0.000733339228][0.000317102298][-0.000329864386][-0.000774684187][-0.00260184193][1]
[6.90983248][-5.19446039][0.00434684847][0.00143894297][0.000637465215][-0.000524673495][-0.00124921859][-0.00429594796][2]
[120.9814][-0.533545196][4.20750046][1.40482652][0.79695797][0.158344522][0.0890323073][0.0261969976][0]
[1.29023433][-0.908179343][0.00106972829][0.000376127457][0.000167535574][-0.000176615504][-0.000402124482][-0.00122290035][0]
[4.00708199][-2.76567411][0.00233766134][0.000793534564][0.000348026399][-0.000352118572][-0.000817682128][-0.00266887504][1]
[7.30906677][-4.92332172][0.00452413][0.00152338832][0.000675591931][-0.00056574191][-0.00132770662][-0.0044329036][2]
[118.798325][-0.526860356][4.29730558][1.43277955][0.803227961][0.154417261][0.0867998675][0.0248375051][0]
[1.47245812][-0.974294186][0.00107140932][0.000371788046][0.000163637684][-0.000174756045][-0.000398977019][-0.00122180581][0]
[4.60897446][-3.07678366][0.0023551893][0.000781860552][0.000338006124][-0.000347505498][-0.000811643084][-0.00269320793][1]
[8.26250172][-5.44174242][0.0045089405][0.00148005714][0.000653524417][-0.000548225595][-0.00129951374][-0.00446555][2]
[118.330299][-0.522777796][4.03783226][1.37253046][0.775129676][0.151214033][0.0830740407][0.0209371727][0]
[1.27824664][-1.06693709][0.00105223898][0.000361303799][0.000156649272][-0.000174532674][-0.000399804208][-0.00123216817][0]
[3.6800673][-3.02136755][0.00230901921][0.000756601803][0.000323773827][-0.000342804153][-0.000806805037][-0.00271700509][1]
[6.53133][-5.15518379][0.00453237072][0.00148520584][0.00065064826][-0.000543382601][-0.00130172353][-0.00455196947][2]
[118.898705][-0.509350955][4.17516422][1.38971758][0.781122684][0.151944473][0.0841272473][0.0232145209][0]
[1.30284095][-0.711027086][0.00102815102][0.000356162142][0.00015604496][-0.000170270912][-0.000388193061][-0.00119710085][0]
[4.13133717][-2.41647434][0.00225725188][0.000748393591][0.000324130757][-0.000334365643][-0.000781431][-0.00260706595][1]
[7.48128462][-4.41919136][0.0045298459][0.00149588706][0.000661513419][-0.00054010126][-0.00128247007][-0.00439351611][2]
[118.77877][-0.488011092][4.09002447][1.36740339][0.765909314][0.14877221][0.0809112042][0.0187062509][0]
[1.05895269][-1.0904876][0.00107129593][0.000372761162][0.000163300516][-0.000173465232][-0.000397435448][-0.00121374056][0]
[3.55478382][-2.9995265][0.00240493915][0.000795590226][0.000345031673][-0.000349663431][-0.000821734953][-0.00273669907][1]
[7.209548][-5.07547951][0.00474158116][0.00156411843][0.000685102073][-0.000574493781][-0.00137742166][-0.00474994956][2]
[117.635468][-0.53506875][4.14843512][1.3783505][0.772628546][0.145605534][0.0788206086][0.0183164831][0]
[1.37586796][-0.901402235][0.00105855125][0.000366233813][0.000160246622][-0.000173471635][-0.000397153082][-0.00121617969][0]
[4.2422328][-2.81606][0.0023100609][0.000765985111][0.000331398624][-0.000341977866][-0.00079985708][-0.00265577622][1]
[7.60527182][-5.03961][0.00457509328][0.0015172339][0.000673428294][-0.000551548204][-0.00130920252][-0.00447375141][2]
[113.353531][-0.53691107][4.1839776][1.35563254][0.766092539][0.144713581][0.0792567432][0.0191194192][0]
[1.31746411][-0.860256493][0.00105708279][0.000368958223][0.000162133889][-0.000170219559][-0.000392162474][-0.00121679518][0]
[3.80983233][-2.77604055][0.00233430252][0.000781543902][0.000339239836][-0.000339762657][-0.000800866052][-0.00269419537][1]
[7.05301952][-5.08654165][0.00459358841][0.00152396632][0.000673007104][-0.00055016618][-0.0013124547][-0.00458155759][2]
[119.458832][-0.496409029][3.92707062][1.32287276][0.75242424][0.145544589][0.0793913156][0.0186206438][0]
[1.28841257][-1.01052523][0.00101487513][0.000351400406][0.000153716595][-0.000168089668][-0.000385330699][-0.00119463517][0]
[4.25631523][-2.82848597][0.00223211688][0.000739099691][0.000320046413][-0.000331359799][-0.000779468217][-0.00263166218][1]
[7.83091497][-4.82600307][0.00443180092][0.00146168156][0.000642787782][-0.000530666846][-0.00126438774][-0.0044115507][2]
[114.341232][-0.503922462][4.25130272][1.40162086][0.790874422][0.154991612][0.0863914639][0.0246983431][0]
[1.17253649][-1.00274181][0.00105509209][0.000362901395][0.000158693438][-0.000173253589][-0.000396495103][-0.00122660445][0]
[3.65122843][-2.88082933][0.00231142156][0.000761003583][0.000327834277][-0.000343319029][-0.000803605595][-0.00269789854][1]
[7.24388933][-5.13485527][0.00443802774][0.00146589661][0.000644917483][-0.000543190399][-0.00128324539][-0.004431237][2]
[119.884018][-0.560979605][4.23750114][1.41519928][0.793465257][0.154385641][0.0854183435][0.022886876][0]
[1.25225353][-0.989773095][0.00110225752][0.000381536694][0.000167216116][-0.000180471223][-0.000415172544][-0.001279413][0]
[4.16456509][-3.02917838][0.00240946142][0.000797268178][0.000344398][-0.000354942225][-0.00083765178][-0.00280438573][1]
[7.79115534][-5.29840374][0.00465062121][0.00153337466][0.000677791191][-0.000561366556][-0.00134057575][-0.00461645145][2]
[117.647263][-0.564451396][4.27734184][1.4331038][0.811682463][0.155800477][0.0867553055][0.0241147205][0]
[1.24645293][-1.12356973][0.00109347585][0.000377148535][0.000163027697][-0.000173782479][-0.000400272547][-0.00123436889][0]
[4.10612392][-3.17126918][0.00241622585][0.000795217755][0.000337997044][-0.000344249362][-0.000817442429][-0.00273553771][1]
[7.60117531][-5.40367031][0.00467368728][0.00153557828][0.000669389381][-0.000553396356][-0.00132812746][-0.00459001772][2]
[117.289711][-0.524182737][4.1467905][1.36267543][0.767691851][0.145679027][0.0790866241][0.0183813032][0]
[1.34850264][-0.966414094][0.00104693964][0.00036170095][0.000157724367][-0.00017241048][-0.000396595598][-0.00122037693][0]
[4.04459095][-2.92575741][0.00230655214][0.000765119446][0.000329447095][-0.000343703898][-0.000808741199][-0.00271449541][1]
[7.12764597][-5.1812315][0.00454360154][0.00149134221][0.00065470417][-0.000549616525][-0.00131077017][-0.00453745574][2]
[120.27565][-0.494030565][4.14399862][1.38866079][0.777781725][0.149432048][0.0830115527][0.021676][0]
[1.08849204][-0.786666811][0.00107049569][0.000367445464][0.000159001269][-0.0001713854][-0.000399520271][-0.0012425927][0]
[3.58530188][-2.66663361][0.00237777899][0.00077869161][0.00033244706][-0.000341941894][-0.000816978572][-0.00278323237][1]
[7.22638273][-4.85668468][0.00470488472][0.00153107988][0.000666436914][-0.00055862579][-0.00135336316][-0.00473537296][2]
[118.511559][-0.498744845][4.35379887][1.41002727][0.79336381][0.157089591][0.0877903551][0.0245255902][0]
[1.32348704][-0.864146829][0.0010708468][0.000369781454][0.000162865908][-0.000175685142][-0.000401715632][-0.00123325468][0]
[4.45323944][-2.71303034][0.00234420598][0.000775319873][0.000337707403][-0.000350493559][-0.000816658605][-0.00272309757][1]
[8.19531536][-4.83992958][0.00449556][0.00147294789][0.000648658257][-0.00055635476][-0.00131410267][-0.00451795524][2]
[122.092987][-0.560064554][4.13164616][1.35220194][0.754953206][0.142422035][0.0777323097][0.0174315348][0]
[1.29346526][-1.04102087][0.00105267309][0.000358866382][0.000156454917][-0.000174704372][-0.000401754951][-0.00124598679][0]
[4.15337706][-3.04890251][0.00229154481][0.000747259532][0.000321579981][-0.000343057764][-0.000805171323][-0.00270591257][1]
[7.64490032][-5.32868052][0.00446517253][0.00145834801][0.000640372047][-0.000542548776][-0.00128830399][-0.00442071725][2]
[120.278923][-0.514000773][4.22087622][1.45656657][0.830126107][0.163883209][0.0912437141][0.0267793778][0]
[1.32557595][-0.948289156][0.00109204045][0.00038040182][0.000166974409][-0.000178352813][-0.000409666303][-0.00126597681][0]
[4.26904154][-2.60105228][0.00240052305][0.00079904485][0.00034638861][-0.000353376381][-0.00083027978][-0.00279377541][1]
[8.10007095][-4.53069305][0.00462833699][0.00153512135][0.000679628341][-0.000556973391][-0.00132727437][-0.00459158933][2]
[122.982086][-0.508219][4.18050957][1.38479185][0.773790181][0.15037562][0.0821091756][0.0201504398][0]
[1.26495099][-1.03080261][0.00104147359][0.000360425882][0.000157154776][-0.000172490487][-0.000394790201][-0.0012215178][0]
[4.30766582][-2.92370367][0.00229087099][0.000759168703][0.00032592332][-0.000342538639][-0.000803050236][-0.00270917569][1]
[8.0150919][-5.14153671][0.00450353604][0.00148842065][0.000651431154][-0.000552489][-0.00131479965][-0.00458033197][2]
[120.014977][-0.525403798][4.15957642][1.34306836][0.757757246][0.144490361][0.0796262622][0.0192339551][0]
[1.22895586][-0.919866443][0.000996340183][0.000347536901][0.000152962224][-0.00017074206][-0.000388065295][-0.00119437336][0]
[3.90629506][-2.92161846][0.00215439498][0.000721399439][0.000315174664][-0.000333852222][-0.000775674242][-0.00258418871][1]
[7.3771][-5.26553154][0.00419794768][0.00140656345][0.000630361727][-0.00052711193][-0.00123678229][-0.00423211511][2]
[116.410774][-0.55420059][4.30687428][1.40350819][0.785691738][0.149028867][0.0813748315][0.0187072475][0]
[1.37742853][-0.887056887][0.00103981805][0.000363189291][0.000160587253][-0.000174857094][-0.000398453587][-0.00122995093][0]
[4.30342102][-2.77928185][0.0022693018][0.000758552691][0.000331981428][-0.000345048727][-0.000803294068][-0.00268157059][1]
[7.71825933][-4.94465065][0.00447305758][0.00148732401][0.000658236095][-0.000552094541][-0.00130143436][-0.00446576672][2]
[116.997414][-0.545098][4.20715284][1.39996684][0.787011147][0.147435218][0.0793750808][0.0183781479][0]
[1.53452587][-0.995822608][0.00104122027][0.000361027312][0.000159029849][-0.000166156155][-0.000379338628][-0.00115990581][0]
[4.55261946][-3.01429343][0.00230097375][0.000766505371][0.000332753028][-0.000333136588][-0.000780020549][-0.00259407773][1]
[8.05019665][-5.33503485][0.00446934719][0.00147964922][0.000654273084][-0.000540155452][-0.00128287612][-0.00442353031][2]
[119.748909][-0.55932641][4.0824151][1.3847574][0.778549671][0.152525008][0.0852749273][0.0238664672][0]
[1.45594049][-0.962068081][0.00101486361][0.000351327064][0.000154593523][-0.000171126216][-0.000389402558][-0.00120232126][0]
[4.31959438][-2.73311949][0.00220629596][0.000730456435][0.000317975529][-0.000334640674][-0.000781669747][-0.00261481828][1]
[7.56432581][-4.66311932][0.00434236741][0.00143697124][0.000637723][-0.000532257138][-0.00126208062][-0.00428658817][2]
[116.748245][-0.542508841][4.15198][1.38112473][0.779283285][0.152522981][0.0842995197][0.0217819437][0]
[1.22919488][-0.960219][0.00101231528][0.000353779033][0.000155629605][-0.000169625739][-0.000385898951][-0.00118586223][0]
[3.79178834][-2.79453301][0.00224718405][0.000749739876][0.000325919362][-0.000339953665][-0.000792368781][-0.002646907][1]
[6.80730534][-5.04836178][0.00436353544][0.00144423475][0.000635555771][-0.000536658627][-0.00127081387][-0.00441607228][2]
[120.764145][-0.523864031][4.15027666][1.38329923][0.776139736][0.149843901][0.0827655941][0.0204287488][0]
[1.37479329][-0.940866113][0.0010393532][0.000362804858][0.000159875548][-0.000171849155][-0.000393038936][-0.00120222988][0]
[4.0907526][-2.85247469][0.00225852709][0.000755884335][0.000329365081][-0.000336403347][-0.000787939643][-0.00260638539][1]
[7.69881248][-5.06725693][0.00442330446][0.00147257885][0.000656764139][-0.000542534748][-0.00127787073][-0.00435614][2]
[123.659317][-0.461247653][4.34710836][1.40547812][0.798617959][0.157356292][0.0893178731][0.0256406981][0]
[1.60380816][-1.08015954][0.00106353941][0.000370552181][0.0001629529][-0.000172647269][-0.00039699077][-0.00122881064][0]
[4.92573833][-2.98309612][0.00232463167][0.000777646783][0.000339150749][-0.000342849555][-0.000804078882][-0.00268338388][1]
[8.75532][-5.13147068][0.00458775787][0.00151967537][0.000670120353][-0.000550269266][-0.00131021114][-0.00448243041][2]
[114.580025][-0.495533139][4.10407591][1.38218892][0.783908308][0.153165802][0.0847981423][0.0228761453][0]
[1.48382962][-0.87127316][0.00101130072][0.000350034039][0.000154053239][-0.000167158374][-0.000378978701][-0.00116393][0]
[4.5751462][-2.81884646][0.00221418589][0.000734544243][0.000320167805][-0.000331637217][-0.000766819459][-0.00254327687][1]
[8.2249012][-5.00596714][0.00435959781][0.00144132797][0.000639129721][-0.000531523256][-0.00125318929][-0.00425277557][2]
[117.153915][-0.526417255][4.15344858][1.39630461][0.799615][0.158820361][0.0890611][0.025849523][0]
[1.35386634][-0.785263181][0.00104136614][0.000364539388][0.000160872398][-0.000169607607][-0.000388324464][-0.00118103833][0]
[4.28984451][-2.59643364][0.00228278968][0.000768718601][0.000335164455][-0.000337597332][-0.000790345133][-0.0026012212][1]
[7.72531319][-4.67433357][0.00446710549][0.00148877129][0.000660449034][-0.000542532885][-0.00127853767][-0.00433320412][2]
[123.178894][-0.513899446][4.09410334][1.35077357][0.755048692][0.144666538][0.0792236477][0.0201960541][0]
[1.38255608][-1.00064564][0.000980047276][0.000336623663][0.000146555481][-0.000162614][-0.000374558702][-0.00117018225][0]
[4.44635248][-2.9608531][0.00212417054][0.000700009055][0.00030068343][-0.000316874357][-0.000747972284][-0.00254081772][1]
[8.04842567][-5.20844936][0.00419498561][0.00138639961][0.000610744522][-0.000505008386][-0.00120166817][-0.00417080428][2]
[121.28241][-0.499134511][4.40989971][1.44206655][0.808776319][0.1592087][0.0885594][0.0257818047][0]
[1.2167635][-0.888889909][0.00108496309][0.000379245961][0.00016734525][-0.000177424241][-0.000405819737][-0.00124698039][0]
[3.78209519][-2.90364265][0.0023938939][0.00080338039][0.000350167102][-0.000354142365][-0.000827201759][-0.0027471073][1]
[7.36899948][-5.20156479][0.00473164907][0.00157474983][0.000696157][-0.000575509737][-0.00136112352][-0.00465261657][2]
[124.995438][-0.49802202][4.15872][1.39670897][0.780337334][0.14872095][0.0815866143][0.021647254][0]
[1.27905107][-1.01174974][0.00102818862][0.000355212193][0.000156216483][-0.000167560938][-0.000378476][-0.00115628378][0]
[3.92236686][-2.98232412][0.00226181396][0.000749798375][0.000325818663][-0.000332310621][-0.000768596365][-0.00253435224][1]
[6.99540234][-5.16670513][0.00443289522][0.00147391809][0.000651994254][-0.000530885532][-0.00125013979][-0.00420935871][2]
[117.736214][-0.590667665][4.18608952][1.40160072][0.792717636][0.154899538][0.0850739628][0.022505179][0]
[1.38152385][-1.12362313][0.00110168941][0.000380212092][0.000166481172][-0.000181080686][-0.000415701943][-0.00127841556][0]
[4.4554987][-3.08820081][0.0024272427][0.000804478303][0.000345884589][-0.000360413775][-0.000851631048][-0.00284679839][1]
[8.1829567][-5.17896843][0.00470408052][0.00155579438][0.000680929632][-0.000585156609][-0.00139894686][-0.00482998][2]
[113.644508][-0.447260916][4.358706][1.43459392][0.800274909][0.157475382][0.0884965733][0.0236741975][0]
[1.30111527][-1.04529643][0.00113205565][0.000393759634][0.000173202498][-0.000179673239][-0.000413919654][-0.00127298816][0]
[4.24653721][-3.01414561][0.00249720365][0.000830327335][0.000360507169][-0.000360308914][-0.000850985525][-0.00283242203][1]
[8.04020119][-5.20720291][0.00477621192][0.00157773518][0.000694874208][-0.000581354][-0.00138544478][-0.0047863191][2]
[118.243439][-0.505425274][4.32572174][1.39621687][0.789261818][0.153712392][0.0858813077][0.0237716474][0]
[1.28233969][-0.952991486][0.00105658104][0.000364015461][0.000158654584][-0.000168482278][-0.000389164779][-0.00121168862][0]
[3.8508215][-2.76326346][0.00231817644][0.000767337158][0.000330414216][-0.000333250267][-0.000787148951][-0.00266885944][1]
[6.79769135][-4.75212574][0.00452475343][0.00149684702][0.000658790406][-0.000538321445][-0.00128214923][-0.00447859615][2]
[121.955933][-0.470093369][4.21477222][1.39541268][0.789256752][0.150784522][0.0831526][0.0225790516][0]
[1.3424139][-1.00529957][0.00102425693][0.000354136][0.000153754241][-0.000168536528][-0.000386633852][-0.00119275739][0]
[4.24674797][-3.01437712][0.00224359473][0.000739261508][0.000316737773][-0.000331711286][-0.000780317583][-0.0026248428][1]
[7.68842554][-5.28084373][0.00442776317][0.00146225188][0.000645344][-0.000530766672][-0.00126539986][-0.00440493412][2]
[127.734138][-0.54298985][4.10294485][1.35243273][0.758377254][0.143612593][0.0794477761][0.0198888946][0]
[1.13236284][-1.14304304][0.001020725][0.000352101517][0.000153502595][-0.000167008344][-0.000383940758][-0.00118977879][0]
[3.94211817][-3.1770339][0.00224922365][0.000743976911][0.000320539693][-0.000330564275][-0.000779219321][-0.00264080241][1]
[7.52748394][-5.37580252][0.00444463][0.00147623848][0.000653069][-0.00053727522][-0.0012775159][-0.00444100518][2]
[117.154282][-0.598677576][4.30849743][1.41268539][0.785712242][0.15106912][0.0834861249][0.0218091197][0]
[1.18167245][-0.916836739][0.00104582123][0.000358347897][0.000156614638][-0.000171041436][-0.000391308946][-0.00121864618][0]
[3.71585798][-2.91464567][0.00231192308][0.000757264439][0.000326303241][-0.000338306068][-0.000793381594][-0.00268155802][1]
[6.93061924][-5.15793228][0.00470046792][0.00153874909][0.000673988834][-0.00056072406][-0.00133598736][-0.00465328107][2]
[115.325][-0.584997714][4.23470163][1.3790592][0.77963537][0.150315583][0.0829406232][0.0202124529][0]
[1.24859643][-0.968317032][0.00103098422][0.000361587][0.00015983099][-0.000167581937][-0.000382781669][-0.00118281972][0]
[3.67102313][-2.90212345][0.00226386264][0.000763872406][0.000334269][-0.000335172692][-0.000781112][-0.0026184204][1]
[6.6658659][-5.13450241][0.00447248248][0.00150214799][0.000668603112][-0.000545301766][-0.00128607918][-0.0043701][2]
[120.168907][-0.569929123][4.1521306][1.39218128][0.78695786][0.154600948][0.0850583762][0.0218052771][0]
[1.71829689][-0.963602901][0.00106994668][0.000372295617][0.000164154859][-0.000174766668][-0.000398926204][-0.00122360699][0]
[5.09166765][-2.85355854][0.00234755781][0.000784762437][0.000340774015][-0.000346972927][-0.000810284][-0.0026758397][1]
[8.87149906][-4.92624474][0.00456006359][0.0015119235][0.000663261395][-0.000551445293][-0.0013095761][-0.00448092027][2]
[117.656921][-0.508652925][4.22478867][1.39438248][0.793740213][0.157621443][0.0889688507][0.0260720477][0]
[1.31138968][-0.836554885][0.00102969771][0.000357388431][0.000155805974][-0.000169471605][-0.000386705709][-0.00119521876][0]
[4.022439][-2.59878922][0.00227296026][0.00075342058][0.000323906541][-0.000335080869][-0.000785783399][-0.00267007155][1]
[7.20499611][-4.76340055][0.00452874228][0.00149440696][0.000657667872][-0.000543231319][-0.00128795533][-0.00454310467][2]
[117.022964][-0.546803117][4.2454772][1.40428019][0.779039562][0.14844121][0.0826818347][0.0208079815][0]
[1.40666533][-1.01434207][0.0010042924][0.000346639834][0.000152007211][-0.000165141464][-0.000375533884][-0.00117377064][0]
[4.36906624][-3.01111531][0.00219477038][0.000726497616][0.000314530509][-0.000323938613][-0.000755263784][-0.00254973746][1]
[7.78728342][-5.28594589][0.00440979935][0.0014508802][0.000642440165][-0.000520052][-0.00123978197][-0.00428105146][2]
[124.924721][-0.487419486][4.26049089][1.38388085][0.786694288][0.156112373][0.0882933959][0.02562535][0]
[1.46149313][-0.994684935][0.00102704624][0.000355412049][0.000155904883][-0.000171889842][-0.000391401583][-0.00120905484][0]
[4.46621227][-2.92384958][0.00224300474][0.000745354686][0.000323695713][-0.000340095488][-0.000791746425][-0.00265526306][1]
[7.89944887][-5.10908604][0.00444915053][0.00147751521][0.000657370198][-0.000552753801][-0.00129904517][-0.00443674857][2]
[119.880966][-0.483620256][4.22026253][1.3791405][0.781977296][0.153438181][0.0855134279][0.0241991784][0]
[1.31052804][-0.832608461][0.0010908402][0.000375347096][0.000163080127][-0.000175717549][-0.000405205501][-0.00125799235][0]
[4.31775475][-2.60953188][0.00239383196][0.000788480043][0.000338588434][-0.000348994508][-0.000825891853][-0.0027810717][1]
[8.01359][-4.80092335][0.00456442079][0.00149702327][0.000657428][-0.000553855964][-0.00132028898][-0.00457227416][2]
[119.754021][-0.574476182][4.18707323][1.38515365][0.776601493][0.148281276][0.0821815059][0.0218892768][0]
[1.12494099][-1.0915904][0.00100325036][0.000350229093][0.000154573179][-0.000169114355][-0.00038273455][-0.00118046673][0]
[3.7933135][-3.12860918][0.00218427926][0.00073143607][0.000318938401][-0.000332680298][-0.000771460356][-0.00257115276][1]
[7.38262939][-5.40623856][0.00427644048][0.00143435295][0.0006386][-0.000531911501][-0.00124246289][-0.00423005037][2]
[123.557716][-0.405638903][3.99310017][1.35094666][0.761520386][0.149599195][0.0842582807][0.0246532913][0]
[1.34035707][-0.838478386][0.000914573146][0.000316773774][0.000139570562][-0.000154472058][-0.000353823416][-0.00112293893][0]
[4.37483406][-2.56241441][0.00193733582][0.000649853][0.000283406232][-0.000292669196][-0.000683464401][-0.00232712599][1]
[8.03505516][-4.64292][0.00412822608][0.00139449642][0.00062818767][-0.000482833508][-0.00113463728][-0.0038714807][2]
[122.909988][-0.499781579][4.25776958][1.39808035][0.794567466][0.160139][0.0910880417][0.0286733788][0]
[1.25512779][-0.754346371][0.00104300654][0.000361553975][0.000160188589][-0.00017191816][-0.000392041198][-0.00122081954][0]
[4.14019966][-2.56191301][0.00226936629][0.000755442947][0.00033021759][-0.000337669218][-0.00078455091][-0.00263164099][1]
[7.75907612][-4.71011543][0.00451977][0.00149682409][0.000660581281][-0.000540927867][-0.00127279758][-0.00436372869][2]
[119.048943][-0.506717205][4.27198267][1.3979342][0.787649632][0.158279508][0.0898821056][0.0276988968][0]
[1.21445858][-0.845482171][0.00101802452][0.000350785791][0.000154396941][-0.000161736505][-0.000370690541][-0.00116735534][0]
[4.01511049][-2.74643278][0.00223673554][0.000738695962][0.000321383][-0.000318508828][-0.000747622864][-0.00252178288][1]
[7.49516964][-5.00679779][0.0045592715][0.00150602101][0.000670172565][-0.000533645623][-0.00126678648][-0.00431453483][2]
[122.569695][-0.383218825][4.24457693][1.38219869][0.78403157][0.164049372][0.0968600512][0.0344098844][0]
[1.29668117][-0.89640075][0.000891009462][0.000308902061][0.000137270254][-0.000147002167][-0.000335305347][-0.00107031711][0]
[3.91492534][-2.70412588][0.00188850099][0.0006325703][0.000279743515][-0.000279851985][-0.000647051609][-0.00219515478][1]
[7.3799324][-4.73053][0.00397475436][0.00132810348][0.000596902741][-0.000454460765][-0.00106296246][-0.00360743399][2]
[123.634865][-0.441409916][4.22882938][1.33666372][0.753326893][0.15033707][0.0847863629][0.0256867073][0]
[1.50371397][-0.848900437][0.000947782479][0.000323438144][0.000142207748][-0.000156832248][-0.000356318022][-0.00112742302][0]
[4.51770449][-2.6423192][0.00202233437][0.000663564773][0.00028980404][-0.00030003002][-0.000695375842][-0.00235295552][1]
[8.14014626][-4.88072395][0.0042160023][0.00137605763][0.000613883662][-0.000490030856][-0.00115172926][-0.00396148209][2]
[118.257256][-0.435154974][4.32169485][1.43557763][0.82257539][0.176133767][0.10377536][0.0378683396][0]
[1.41729224][-0.803532183][0.000927024405][0.000322782871][0.000142603341][-0.000151830027][-0.000347957219][-0.00109820801][0]
[4.34927797][-2.58430767][0.00199473044][0.000666290463][0.000292602112][-0.000293299614][-0.000684129][-0.00233933656][1]
[7.72117901][-4.62180424][0.00415982958][0.00139332272][0.000629087561][-0.000489145867][-0.00114441826][-0.0039287582][2]
[117.014656][-0.591970444][4.2278862][1.47084808][0.855751455][0.181169525][0.105681129][0.037351951][0]
[1.30870748][-1.00795496][0.00109771534][0.000389246357][0.00017299538][-0.000182333][-0.000416761148][-0.00127463031][0]
[3.66123939][-2.96121049][0.00243371446][0.00082051463][0.000359199039][-0.000362573133][-0.000851905148][-0.0028371443][1]
[6.46010876][-5.13516426][0.00477281399][0.00159446406][0.000711300061][-0.000581591623][-0.001385184][-0.0047831065][2]
[119.093124][-0.493898481][4.34073639][1.43113804][0.814745545][0.162913308][0.0919331163][0.028495755][0]
[1.51431203][-0.973820388][0.00111605879][0.000387241162][0.000169146137][-0.000177263399][-0.000410255569][-0.001269478][0]
[4.56766][-2.90056419][0.00244449778][0.000812547281][0.000349893817][-0.000348874775][-0.000826679054][-0.00276060752][1]
[8.07473183][-5.05292749][0.00481453585][0.00159957865][0.000702545047][-0.000565264432][-0.00135385955][-0.00463253353][2]
[119.076294][-0.403043568][4.157125][1.38255453][0.783918798][0.160081968][0.0914451703][0.0287365317][0]
[1.39398646][-0.782732725][0.00105097238][0.000367064786][0.000160919415][-0.000168302824][-0.000387328793][-0.00120227982][0]
[4.42882729][-2.61568213][0.00228118803][0.000765521545][0.000332292635][-0.000328923546][-0.000775890425][-0.00259062345][1]
[7.94238949][-4.75737095][0.0044901846][0.00151140825][0.000676704803][-0.000538836699][-0.00127889926][-0.00432805251][2]
[119.922035][-0.48808375][4.56168079][1.53758836][0.885099471][0.186930776][0.109982491][0.0393891484][0]
[1.10546637][-0.885404527][0.00111110136][0.000397253869][0.000178163114][-0.000182490679][-0.000413964211][-0.00125482725][0]
[3.37879229][-2.83883429][0.00249789516][0.000853063306][0.000376545184][-0.000372697628][-0.000865250768][-0.00285240379][1]
[6.12727833][-5.07955027][0.00485018129][0.00162499631][0.00072105549][-0.000604999543][-0.00142192293][-0.00482492941][2]
[117.472893][-0.44156149][4.94441509][1.64711022][0.945456505][0.20584771][0.1227571][0.0478359349][0]
[1.30026162][-0.739852846][0.00113317894][0.000407378364][0.000184118806][-0.000185602665][-0.000421321078][-0.00127758179][0]
[4.00991154][-2.49455214][0.00252043852][0.000868148752][0.000387594366][-0.000375700125][-0.000874475343][-0.0028756354][1]
[7.18213177][-4.52207661][0.0049191108][0.00165894697][0.000750371604][-0.000616131409][-0.00143942481][-0.00482529914][2]
[127.266953][-0.465877771][4.85468054][1.63448203][0.931461096][0.196094558][0.117660545][0.04585829][0]
[1.43356895][-0.952842236][0.000998228439][0.000352170668][0.000157453789][-0.000163403718][-0.00037162326][-0.0011573981][0]
[4.36630917][-2.89235902][0.00214388012][0.000732482062][0.000324964203][-0.000319329672][-0.00073833426][-0.00245001679][1]
[8.05619][-5.04173756][0.00449348474][0.00151705195][0.00068268925][-0.000538916094][-0.00126081752][-0.00422913115][2]
[121.216553][-0.462963879][4.08426237][1.34386611][0.764236391][0.159795567][0.0927726924][0.0318278484][0]
[1.25529575][-1.06371009][0.00086214632][0.000299460633][0.000133650581][-0.000146254111][-0.000332109][-0.00105207949][0]
[4.10624456][-3.12812948][0.00181418296][0.000610021758][0.000270561082][-0.000276462117][-0.00063754752][-0.00214156834][1]
[7.52545214][-5.40790558][0.00385741703][0.00127622637][0.000575405895][-0.000448686216][-0.00104525546][-0.00353200291][2]
[125.707825][-0.506453753][4.66195202][1.47631788][0.827960432][0.169085845][0.0984693095][0.0338724852][0]
[1.48627067][-0.858221054][0.00100269273][0.000344148808][0.000152414286][-0.000159486546][-0.000366689957][-0.0011728][0]
[4.51100111][-2.70821095][0.00212690397][0.000704274862][0.000310067204][-0.000305367372][-0.000715695845][-0.0024420796][1]
[7.96291447][-4.8248682][0.004217193][0.00139848248][0.000627335277][-0.000491547165][-0.00115337281][-0.00397594552][2]
[119.777084][-0.400712639][4.1402092][1.38714027][0.786549866][0.158294156][0.0893055126][0.028222302][0]
[1.2635206][-0.878252864][0.000962717459][0.000334554352][0.000148273029][-0.000159166899][-0.000363195955][-0.00114088715][0]
[3.79332232][-2.75428605][0.0020597633][0.00069046329][0.000304312241][-0.000307546637][-0.000713535119][-0.00239982828][1]
[7.18928528][-5.02129269][0.0041887369][0.00139887817][0.000630473][-0.000493894098][-0.00116387126][-0.00398939708][2]
[122.897202][-0.550695598][3.88192439][1.23235261][0.685382783][0.118680172][0.058198005][0.000841977075][0]
[1.15373755][-0.846995771][0.00102988142][0.000358063902][0.00015694747][-0.000182025091][-0.000409319124][-0.00122905453][0]
[3.6262517][-2.68920565][0.00228184904][0.000756042311][0.000326980109][-0.000366424734][-0.000847037183][-0.00277130236][1]
[6.82987404][-4.85963774][0.00423430465][0.00138835469][0.000608119299][-0.000560946588][-0.00132046617][-0.00454459479][2]
[121.077271][-0.52485919][3.79438281][1.27421498][0.6928249][0.116550773][0.057560835][0.00353649235][0]
[1.474231][-0.758746743][0.00105572643][0.000366632594][0.000161077347][-0.000179842][-0.00040648][-0.00123333395][0]
[4.48424721][-2.18699908][0.00228555][0.000764089404][0.000332826457][-0.000352584844][-0.000815996085][-0.00265504746][1]
[7.93523884][-4.23321295][0.00446099136][0.00148723659][0.00065533875][-0.000548056618][-0.00129192113][-0.00437777583][2]
[118.654922][-0.448152661][4.52470779][1.60641742][0.908480346][0.186385348][0.110037066][0.0403755531][0]
[1.22778726][-0.904243112][0.00112567935][0.000399159209][0.000178159302][-0.000182973832][-0.000418844982][-0.00128397217][0]
[3.94092965][-2.77074909][0.00245267944][0.000840667693][0.000372220064][-0.000364051928][-0.000849573524][-0.00281472574][1]
[7.41988468][-4.88158751][0.00490769139][0.00168014085][0.000756552443][-0.000595527817][-0.00140170811][-0.00468522403][2]
[120.344315][-0.446468145][4.59784317][1.43773425][0.826453805][0.177729741][0.104346983][0.036771521][0]
[1.18497992][-0.864200592][0.000978279742][0.000337697798][0.000149946572][-0.000162741926][-0.000370510039][-0.0011743817][0]
[3.81537104][-2.73923206][0.00208924641][0.000690067][0.000303979556][-0.000312225195][-0.000724911806][-0.00246003969][1]
[6.99614811][-4.88754606][0.00412925612][0.00135656237][0.000606965681][-0.000497166067][-0.00115859765][-0.00395677425][2]
[122.593513][-0.504974723][4.09254122][1.37020016][0.783935726][0.161248][0.0929204896][0.0306962952][0]
[1.3330121][-0.93804][0.000874208403][0.000305520254][0.000136381714][-0.00014658313][-0.000332596654][-0.00105413818][0]
[4.11673927][-2.97288632][0.00186889351][0.000626776484][0.000277877261][-0.000281550369][-0.000647442939][-0.00220069289][1]
[7.62662315][-5.2712059][0.00401209109][0.00133480516][0.0005989286][-0.000462816912][-0.00108458404][-0.00368952425][2]
[119.448776][-0.397293508][3.99870777][1.31764901][0.744361699][0.14997831][0.0843790919][0.025861172][0]
[1.32718706][-0.764526069][0.000857070554][0.0002942672][0.000130447574][-0.000145892685][-0.000330813928][-0.00106107595][0]
[4.18636417][-2.24197555][0.00181271299][0.000602771295][0.000265132927][-0.000276847277][-0.000639333564][-0.00218705647][1]
[7.65215][-4.35063601][0.00390676828][0.00129607506][0.000583793386][-0.000455253466][-0.00106274267][-0.00364265824][2]
[120.149132][-0.500632584][4.10379267][1.33375287][0.750174105][0.144613534][0.0800948888][0.0221661702][0]
[1.36257219][-0.81928134][0.000917347614][0.000316207268][0.000139976793][-0.000153724439][-0.000349450391][-0.00110164238][0]
[4.39625788][-2.62536621][0.00195395318][0.000649632944][0.00028485377][-0.000294714788][-0.000682897517][-0.00229996257][1]
[7.95235825][-4.75013733][0.00398105755][0.00131928374][0.00058827555][-0.000472324667][-0.00110686221][-0.0037462241][2]
[120.024757][-0.454636931][4.12564][1.35788977][0.766353071][0.152643487][0.0862932429][0.0257470421][0]
[1.35705066][-0.766330063][0.000992852147][0.000340967556][0.000149552128][-0.000164904777][-0.000379962119][-0.00119852938][0]
[4.37083244][-2.64319611][0.00214505289][0.0007063][0.0003066645][-0.0003196][-0.000755116809][-0.00257761963][1]
[7.94203949][-4.85199][0.00430276757][0.00141577388][0.000630598573][-0.000517965411][-0.001227692][-0.00422808109][2]
[121.832466][-0.457448751][4.11149883][1.36589885][0.783719063][0.165885642][0.0973096341][0.034974914][0]
[1.42101884][-0.620385528][0.000816196844][0.000281783112][0.000124738435][-0.000141143639][-0.000320454157][-0.00101761147][0]
[4.35883141][-2.16508627][0.00174274272][0.000577398925][0.000253493286][-0.000270884571][-0.000624796434][-0.00213751104][1]
[7.96794748][-3.98269987][0.00377269788][0.00124040921][0.000555325125][-0.000442722318][-0.0010356647][-0.00354834506][2]
[117.681702][-0.476180643][3.82961082][1.3012079][0.733243108][0.135879][0.0736092702][0.0176474173][0]
[1.42318606][-0.859725416][0.00101906643][0.000357090204][0.000156974478][-0.000168949831][-0.000383063743][-0.00117385155][0]
[4.24690819][-2.42983246][0.00223746127][0.000750503619][0.000326435635][-0.000332649361][-0.000772221072][-0.0025648023][1]
[7.46268749][-4.46858788][0.00451875664][0.0015175296][0.000669958245][-0.000543179223][-0.00127874024][-0.00433993619][2]
[120.065361][-0.439361185][3.85200763][1.29706717][0.742384493][0.145076856][0.0816425309][0.0239582323][0]
[1.30051064][-0.793966][0.000897899037][0.000312727818][0.000138703559][-0.000149983971][-0.00034189393][-0.00107066706][0]
[4.31664181][-2.61814427][0.00194607081][0.000652855262][0.000287334813][-0.000290947442][-0.000674729352][-0.00227398984][1]
[7.98385906][-4.78720856][0.00407712953][0.00136333762][0.000609568262][-0.000472923042][-0.00110963034][-0.00377760967][2]
[121.238571][-0.457464039][4.27329826][1.37344992][0.767904282][0.148967952][0.0845003501][0.0248725191][0]
[1.27587736][-1.13322628][0.000925914384][0.000320507213][0.000141559882][-0.000153136][-0.000349865528][-0.00110637932][0]
[4.24730873][-3.27305174][0.00197906187][0.00066352][0.000290417229][-0.000295823818][-0.000687785447][-0.00233071693][1]
[7.99877739][-5.59068489][0.00402893918][0.00135327457][0.000608096656][-0.000485269702][-0.00113567873][-0.00385998236][2]
[120.885536][-0.468854815][4.76161528][1.63943279][0.928422][0.191334128][0.113165081][0.0437618][0]
[1.36368406][-1.14199233][0.00103128515][0.000360530248][0.000160409734][-0.000159568124][-0.000365703][-0.00114237075][0]
[4.24448156][-3.29891753][0.00225073332][0.000760870113][0.000335874647][-0.000316404214][-0.000736303336][-0.00245615281][1]
[7.62813282][-5.64080906][0.00476784399][0.00158913189][0.000709895918][-0.000541302725][-0.00127987866][-0.00432764273][2]
[119.784904][-0.411649436][4.81964064][1.75753891][1.00654459][0.208909363][0.124110162][0.049304422][0]
[1.29080534][-0.660584569][0.00116932357][0.000417280098][0.000185667333][-0.000184623466][-0.000425809296][-0.00130998099][0]
[4.15746546][-2.36807752][0.00257589831][0.000886940863][0.000390925445][-0.000369004789][-0.000872525154][-0.00290797907][1]
[7.72867537][-4.35753536][0.00526466221][0.0018114968][0.000812185754][-0.000622572319][-0.00148217601][-0.00505931862][2]
[118.657013][-0.450445712][4.64281797][1.65216017][0.953266919][0.205347538][0.123236276][0.0486652851][0]
[1.26557434][-0.889076][0.00111108797][0.000393779308][0.000175799505][-0.000176141344][-0.000404409773][-0.00125126727][0]
[4.05519247][-2.89581][0.00242720987][0.000828531105][0.000367086555][-0.000349465117][-0.000817766646][-0.00271558366][1]
[7.50089073][-5.21483803][0.00495716883][0.00167325023][0.000751956191][-0.000582325447][-0.0013740072][-0.00465105753][2]
[122.99575][-0.418745279][4.52839375][1.59055424][0.927453399][0.198025212][0.11804226][0.0464138649][0]
[1.22918534][-0.981868804][0.000988783][0.000346126209][0.000152581793][-0.000158094801][-0.000361856888][-0.00113419048][0]
[4.11065674][-2.92089701][0.00218969164][0.000731507083][0.000319256767][-0.000312868826][-0.000734364323][-0.00251978613][1]
[7.61698294][-5.07047272][0.00470755575][0.00156651065][0.000693711743][-0.000541083515][-0.00128975837][-0.00450551137][2]
[120.086411][-0.436806142][4.45142889][1.47455263][0.830698252][0.168091252][0.0960646123][0.0313990191][0]
[1.3812418][-1.00259566][0.00104050629][0.000364608888][0.000161856078][-0.000170858009][-0.000388687302][-0.00120672][0]
[4.50567627][-3.05753589][0.00225820765][0.000760897761][0.000334170851][-0.000335559016][-0.000778749352][-0.00260202074][1]
[8.21779346][-5.34471321][0.00446562096][0.00147961138][0.000656937482][-0.000534420833][-0.0012591877][-0.00428384356][2]
[119.986809][-0.516504228][4.27719784][1.42833567][0.811091542][0.161889046][0.091712676][0.028185904][0]
[1.17281651][-0.813839793][0.00114817685][0.000408197346][0.00018057636][-0.000191411382][-0.00043906871][-0.00133689714][0]
[3.93485403][-2.76933336][0.00251643732][0.000859977037][0.000376084121][-0.00037981529][-0.000896386569][-0.00295483973][1]
[7.46595907][-5.06168175][0.00488583231][0.00165402377][0.000733289518][-0.000608570641][-0.00144392531][-0.00493160915][2]
[120.05191][-0.507518828][4.34972143][1.46061325][0.838977456][0.175440133][0.100719079][0.0347317606][0]
[1.3570534][-0.903385878][0.00111519743][0.000395073148][0.000175954076][-0.000184587087][-0.000421543722][-0.00128921028][0]
[4.2810626][-2.91078663][0.00246809842][0.000836402643][0.000368282927][-0.000368827692][-0.000859205495][-0.00284125749][1]
[7.72904301][-5.19623375][0.00482384861][0.00161745888][0.000719583768][-0.00059426151][-0.00140098366][-0.00476308353][2]
[123.60302][-0.430633217][4.62625][1.52740431][0.878763199][0.18749547][0.109237105][0.0399404354][0]
[1.33315349][-1.08358085][0.0010375455][0.000366331515][0.000164859986][-0.00016962798][-0.000385648571][-0.00120328215][0]
[3.89382768][-3.10331249][0.00222362601][0.000761004805][0.000340249098][-0.000330797106][-0.000765562057][-0.00255140592][1]
[6.86231][-5.28093243][0.00452598836][0.00153505185][0.000695098133][-0.000543243776][-0.00126943993][-0.00427898206][2]
[117.395889][-0.421577752][4.37493277][1.54603887][0.893709][0.18586351][0.109471396][0.0389033519][0]
[1.26467264][-1.14109576][0.0010860801][0.00037961395][0.00016693215][-0.000172703934][-0.000397500698][-0.00122938701][0]
[3.88596678][-3.20308542][0.00235778512][0.000790341059][0.000344105036][-0.000339731458][-0.000800819951][-0.00265943864][1]
[6.98224735][-5.50073195][0.00463542296][0.00155442255][0.000692975067][-0.00054492848][-0.00129969232][-0.00441739941][2]
[123.800186][-0.440044761][4.16615105][1.38514113][0.780016][0.15617463][0.0899662077][0.0276707467][0]
[1.23891449][-0.996045947][0.000954890857][0.000331224321][0.000146969018][-0.000159078045][-0.00036235305][-0.00113064027][0]
[3.92007709][-3.08912134][0.00201690337][0.00067660003][0.000298974453][-0.000304500223][-0.000703786965][-0.00232683122][1]
[7.3050065][-5.41475201][0.00409012847][0.00137433806][0.000619843369][-0.00048898696][-0.00113735336][-0.00380277308][2]
[120.737488][-0.439208686][4.30769539][1.39429748][0.783451319][0.163221747][0.0964600146][0.0340928473][0]
[1.29522157][-0.896889][0.000833242899][0.000284999202][0.000126075785][-0.00014025913][-0.000319899205][-0.00103685574][0]
[4.1888361][-2.87906671][0.00175795518][0.000580213498][0.000254902901][-0.000264588249][-0.000613916258][-0.00211210921][1]
[7.83925819][-5.20271587][0.00383824692][0.0012523242][0.000561315333][-0.000442461751][-0.00102619932][-0.00350537291][2]
[124.137939][-0.532610834][4.29068947][1.37577236][0.785976112][0.163020179][0.0952709466][0.0330885239][0]
[1.46612072][-0.902121305][0.000878439751][0.00030703051][0.000137127659][-0.000146975784][-0.000334975368][-0.00107017672][0]
[4.52995777][-2.81711173][0.00184042216][0.000623756147][0.000276626757][-0.000276858103][-0.000640128914][-0.00217798352][1]
[8.06999302][-5.03114891][0.00394459162][0.00132152799][0.000593867037][-0.000457116344][-0.00106377853][-0.00363056175][2]
[119.941048][-0.466517657][4.18838549][1.35814023][0.750541329][0.148596302][0.0836392492][0.0247091223][0]
[1.48422647][-0.889504671][0.000936723256][0.00032410174][0.000142616133][-0.000157554721][-0.000360676437][-0.00115277036][0]
[4.44078159][-2.88948846][0.00197231234][0.000660406484][0.000288886367][-0.000297446124][-0.000694358139][-0.00236605923][1]
[7.83166599][-5.20534039][0.0040684035][0.00136417011][0.000614326796][-0.000486673409][-0.00112961023][-0.00386733701][2]
[114.753082][-0.487985522][4.80002499][1.63885045][0.931607127][0.195758119][0.115241088][0.0428328887][0]
[1.30826092][-1.10934055][0.00115059805][0.000404283637][0.000179526338][-0.000177780166][-0.00040876097][-0.00127204636][0]
[3.93917871][-3.1860218][0.00253836438][0.000860378845][0.000378013472][-0.000356098055][-0.00083427853][-0.00277810101][1]
[7.33376312][-5.43496275][0.00530806929][0.00179109][0.00079851][-0.000621119281][-0.00147127057][-0.00493080681][2]
[120.256165][-0.448247761][4.78004][1.54374743][0.86760664][0.183613956][0.108704068][0.0398683473][0]
[1.42223597][-0.838676453][0.00106985541][0.000370669615][0.000163763121][-0.000167677499][-0.000384526036][-0.00121756038][0]
[4.27358818][-2.67286539][0.0023078071][0.000772024505][0.000338659][-0.000326916779][-0.000763009884][-0.00258862041][1]
[7.7751][-4.94297695][0.00480466336][0.00159641053][0.000715052243][-0.000555671868][-0.00130152528][-0.00442789076][2]
[118.211319][-0.475843906][4.39783382][1.44487739][0.786543489][0.157602817][0.0902670622][0.028375458][0]
[1.41513562][-0.949275136][0.00103600277][0.00035895058][0.000158807539][-0.000171267806][-0.000392757735][-0.00122918561][0]
[4.39191246][-2.98636723][0.00221781968][0.000740815536][0.00032456615][-0.000329930626][-0.000772199][-0.00258589117][1]
[7.8985858][-5.26539707][0.004406258][0.0014657015][0.000652503397][-0.000522782444][-0.00122662238][-0.00417364854][2]
[118.107849][-0.508002639][4.75799179][1.48430634][0.824844182][0.16367133][0.0929258615][0.029561365][0]
[1.38699865][-0.921070158][0.00103683094][0.000352582458][0.000155581423][-0.000162899727][-0.000370209629][-0.0011662615][0]
[3.98719835][-2.88408041][0.00221922132][0.000726627943][0.000317283382][-0.000315237849][-0.000725723687][-0.00244061695][1]
[6.95167255][-5.13037252][0.0044950773][0.00148440478][0.00066258281][-0.000509118196][-0.00120148272][-0.00408588303][2]
[119.92926][-0.473337501][4.6372242][1.49888659][0.849611][0.177011773][0.103539735][0.0359562971][0]
[1.37876296][-1.09263945][0.00103904295][0.000359199126][0.00015771664][-0.000164260869][-0.000377144897][-0.00117968][0]
[3.79949713][-3.21918821][0.00224985136][0.000744933612][0.000322924287][-0.000318504695][-0.000745906262][-0.00251052296][1]
[7.23063087][-5.54718208][0.0046217381][0.00153272809][0.000681140344][-0.0005320122][-0.00126023008][-0.00427728845][2]
[119.307434][-0.43934229][4.21462727][1.44463336][0.820175707][0.169943154][0.0998785198][0.0348495245][0]
[1.47558665][-0.885357261][0.00103824958][0.000364694686][0.000161904871][-0.000171265798][-0.000391107635][-0.00121306744][0]
[4.61037064][-2.78315282][0.0022422052][0.00075937825][0.000334699667][-0.00033497659][-0.000780378701][-0.00260493625][1]
[8.24267197][-4.98594952][0.00439329259][0.00148801412][0.000666327891][-0.000531051192][-0.0012449983][-0.0042090835][2]
[117.377617][-0.515780568][3.73231363][1.24638581][0.707877278][0.132470369][0.0685909763][0.0121620055][0]
[1.37816858][-0.795390844][0.0010582339][0.000374824682][0.000166880694][-0.000190497522][-0.000427635037][-0.00128356682][0]
[4.07391262][-2.577039][0.00232692296][0.000788189471][0.000346476882][-0.000382016296][-0.000882894266][-0.00288400543][1]
[7.57553291][-4.64010191][0.00422030455][0.0014209284][0.000628565613][-0.000575760845][-0.00135263638][-0.00462473836][2]
[116.923355][-0.463581622][3.82164145][1.31114447][0.733003378][0.140076384][0.0759178177][0.0183940604][0]
[1.26895332][-0.864785731][0.00107570877][0.000381410558][0.000169936058][-0.000178532166][-0.000404444814][-0.00121657643][0]
[4.23109865][-2.39747906][0.00238462957][0.00081222161][0.000358417][-0.000359040918][-0.000830276636][-0.00269642915][1]
[7.91034126][-4.41584635][0.00461361][0.00155524677][0.000694215239][-0.00056636025][-0.00133363][-0.00446908176][2]
[121.717407][-0.466715902][3.92082071][1.28451431][0.727942407][0.139110327][0.076310508][0.0190987401][0]
[1.44567823][-0.727072835][0.000995241455][0.000340516854][0.000149157015][-0.000168394705][-0.000383401173][-0.00119751738][0]
[4.5137825][-2.52799606][0.00217559119][0.000709540735][0.000307313836][-0.000325697649][-0.000759199727][-0.00258783204][1]
[8.18096][-4.71319675][0.00442921][0.00144254044][0.000635239296][-0.000515384425][-0.00122798805][-0.00429177][2]
[120.486687][-0.479224533][3.87798667][1.3370688][0.765616417][0.149178475][0.082548447][0.0220764894][0]
[1.3340286][-0.793755651][0.00104250293][0.000364992651][0.000160275667][-0.000172657077][-0.00039489675][-0.00121020293][0]
[4.25173092][-2.63398838][0.00223940727][0.000754987588][0.000328992][-0.000334902114][-0.00078408065][-0.00257719634][1]
[7.70380878][-4.71482944][0.00442002341][0.00149163906][0.000664515595][-0.000526843476][-0.00125563808][-0.00421823468][2]
