incremental
depth
1, 2, 3, 4, 5, 6, 7, 8
Error rate
start index, 1, delay, 0,
0.122, 0.070, 0.070, 0.070, 0.070, 0.070, 0.070, 0.070, 
start index, 2, delay, 0,
0.041, 0.007, 0.007, 0.007, 0.008, 0.007, 0.007, 0.008, 
start index, 3, delay, 0,
0.045, 0.006, 0.007, 0.006, 0.006, 0.005, 0.005, 0.005, 
start index, 4, delay, 0,
0.049, 0.009, 0.009, 0.009, 0.009, 0.009, 0.009, 0.009, 
start index, 5, delay, 0,
0.068, 0.012, 0.012, 0.012, 0.012, 0.012, 0.011, 0.011, 
start index, 6, delay, 0,
0.064, 0.015, 0.014, 0.015, 0.015, 0.015, 0.015, 0.016, 
start index, 7, delay, 0,
0.043, 0.007, 0.007, 0.008, 0.007, 0.007, 0.007, 0.008, 
start index, 8, delay, 0,
0.045, 0.005, 0.004, 0.004, 0.005, 0.005, 0.005, 0.004, 
start index, 9, delay, 0,
0.042, 0.013, 0.013, 0.013, 0.012, 0.012, 0.013, 0.012, 
start index, 10, delay, 0,
0.056, 0.011, 0.011, 0.011, 0.010, 0.011, 0.010, 0.010, 

outputCC
start index, 1, delay, 0,
0.996, 0.996, 0.996, 0.996, 0.996, 0.996, 0.996, 0.996, 
start index, 2, delay, 0,
0.996, 0.996, 0.996, 0.996, 0.996, 0.996, 0.996, 0.996, 
start index, 3, delay, 0,
0.996, 0.996, 0.996, 0.996, 0.996, 0.996, 0.996, 0.996, 
start index, 4, delay, 0,
0.996, 0.996, 0.996, 0.996, 0.996, 0.996, 0.996, 0.996, 
start index, 5, delay, 0,
0.996, 0.996, 0.996, 0.996, 0.996, 0.996, 0.996, 0.996, 
start index, 6, delay, 0,
0.996, 0.996, 0.996, 0.996, 0.996, 0.996, 0.996, 0.996, 
start index, 7, delay, 0,
0.996, 0.996, 0.996, 0.996, 0.996, 0.996, 0.996, 0.996, 
start index, 8, delay, 0,
0.996, 0.996, 0.996, 0.996, 0.996, 0.996, 0.996, 0.996, 
start index, 9, delay, 0,
0.996, 0.996, 0.996, 0.996, 0.996, 0.996, 0.996, 0.996, 
start index, 10, delay, 0,
0.996, 0.996, 0.996, 0.996, 0.996, 0.996, 0.996, 0.996,

delayed

Error rate
start index, 1, delay, 1,
0.000, 0.000, 0.000, 0.000, 0.000, 0.000, 0.000, 0.000, 
start index, 2, delay, 1,
0.000, 0.000, 0.000, 0.000, 0.000, 0.000, 0.000, 0.000, 
start index, 3, delay, 1,
0.000, 0.000, 0.000, 0.000, 0.000, 0.000, 0.000, 0.000, 
start index, 4, delay, 1,
0.000, 0.000, 0.000, 0.000, 0.000, 0.000, 0.000, 0.000, 
start index, 5, delay, 1,
0.000, 0.000, 0.000, 0.000, 0.000, 0.000, 0.000, 0.000, 
start index, 6, delay, 1,
0.000, 0.000, 0.000, 0.000, 0.000, 0.000, 0.000, 0.000, 
start index, 7, delay, 1,
0.000, 0.000, 0.000, 0.000, 0.000, 0.000, 0.000, 0.000, 
start index, 8, delay, 1,
0.000, 0.000, 0.000, 0.000, 0.000, 0.000, 0.000, 0.000, 
start index, 9, delay, 1,
0.000, 0.000, 0.000, 0.000, 0.000, 0.000, 0.000, 0.000, 
start index, 10, delay, 1,
0.000, 0.000, 0.000, 0.000, 0.000, 0.000, 0.000, 0.000, 

outputCC
start index, 1, delay, 1,
0.996, 0.996, 0.996, 0.996, 0.996, 0.996, 0.996, 0.996, 
start index, 2, delay, 1,
0.996, 0.996, 0.996, 0.996, 0.996, 0.996, 0.996, 0.996, 
start index, 3, delay, 1,
0.996, 0.996, 0.996, 0.996, 0.996, 0.996, 0.996, 0.996, 
start index, 4, delay, 1,
0.996, 0.996, 0.996, 0.996, 0.996, 0.996, 0.996, 0.996, 
start index, 5, delay, 1,
0.996, 0.996, 0.996, 0.996, 0.996, 0.996, 0.996, 0.996, 
start index, 6, delay, 1,
0.996, 0.996, 0.996, 0.996, 0.996, 0.996, 0.996, 0.996, 
start index, 7, delay, 1,
0.996, 0.996, 0.996, 0.996, 0.996, 0.996, 0.996, 0.996, 
start index, 8, delay, 1,
0.996, 0.996, 0.996, 0.996, 0.996, 0.996, 0.996, 0.996, 
start index, 9, delay, 1,
0.996, 0.996, 0.996, 0.996, 0.996, 0.996, 0.996, 0.996, 
start index, 10, delay, 1,
0.996, 0.996, 0.996, 0.996, 0.996, 0.996, 0.996, 0.996, 