256 bit delayed
Ten Fold with Depth 4, initial sobolIdx 1, delay 1.
Value range index, Freq, Final Error, LowErrLen:
  0,  9485, 0.621, 252.769
  1,  9916, 0.282, 248.387
  2, 10095, 0.233, 250.426
  3, 10071, 0.173, 246.141
  4, 10044, 0.145, 247.020
  5, 10208, 0.150, 246.473
  6, 10196, 0.143, 244.802
  7,  9796, 0.107, 233.623
  8, 10145, 0.064, 229.214
  9,  9647, 0.033, 180.840
 10,   397, 0.038, 111.882

Ten Fold with Depth 4, initial sobolIdx 2, delay 1.
Value range index, Freq, Final Error, LowErrLen:
  0,  9679, 0.745, 255.509
  1,  9985, 0.312, 255.489
  2,  9986, 0.197, 255.147
  3, 10084, 0.161, 253.706
  4, 10019, 0.157, 246.296
  5,  9987, 0.116, 250.278
  6, 10117, 0.089, 252.893
  7, 10105, 0.083, 249.344
  8,  9927, 0.064, 243.634
  9,  9706, 0.038, 202.473
 10,   405, 0.024, 155.442

Ten Fold with Depth 4, initial sobolIdx 3, delay 1.
Value range index, Freq, Final Error, LowErrLen:
  0,  9648, 0.703, 255.622
  1,  9995, 0.231, 255.527
  2, 10045, 0.149, 255.445
  3,  9959, 0.122, 255.086
  4,  9960, 0.103, 255.041
  5, 10250, 0.085, 253.855
  6,  9995, 0.068, 252.346
  7,  9991, 0.052, 247.943
  8, 10047, 0.046, 241.741
  9,  9719, 0.034, 195.382
 10,   391, 0.030, 132.391

Ten Fold with Depth 4, initial sobolIdx 4, delay 1.
Value range index, Freq, Final Error, LowErrLen:
  0,  9656, 0.739, 255.523
  1,  9981, 0.258, 255.542
  2, 10304, 0.213, 255.649
  3,  9918, 0.160, 255.303
  4,  9975, 0.115, 254.530
  5,  9881, 0.101, 254.257
  6, 10044, 0.089, 253.050
  7, 10021, 0.072, 250.423
  8, 10106, 0.058, 244.823
  9,  9725, 0.039, 200.801
 10,   389, 0.049, 125.018

Ten Fold with Depth 4, initial sobolIdx 5, delay 1.
Value range index, Freq, Final Error, LowErrLen:
  0,  9443, 0.669, 255.391
  1, 10074, 0.310, 255.705
  2, 10159, 0.218, 255.603
  3, 10126, 0.150, 254.994
  4,  9753, 0.102, 254.822
  5, 10036, 0.083, 254.428
  6, 10129, 0.071, 253.652
  7, 10124, 0.055, 249.775
  8,  9973, 0.046, 241.211
  9,  9783, 0.031, 185.070
 10,   400, 0.030, 87.287

Ten Fold with Depth 4, initial sobolIdx 6, delay 1.
Value range index, Freq, Final Error, LowErrLen:
  0,  9625, 1.287, 255.131
  1, 10092, 0.377, 255.202
  2,  9907, 0.247, 255.406
  3, 10224, 0.173, 255.101
  4,  9900, 0.138, 255.071
  5, 10096, 0.110, 254.557
  6,  9995, 0.091, 253.368
  7, 10126, 0.065, 249.031
  8, 10020, 0.049, 235.575
  9,  9636, 0.032, 191.961
 10,   379, 0.028, 149.285

Ten Fold with Depth 4, initial sobolIdx 7, delay 1.
Value range index, Freq, Final Error, LowErrLen:
  0,  9649, 0.650, 255.157
  1,  9852, 0.222, 255.127
  2, 10104, 0.211, 255.732
  3,  9980, 0.143, 255.101
  4,  9839, 0.109, 252.746
  5, 10275, 0.095, 251.439
  6, 10131, 0.074, 251.946
  7,  9927, 0.051, 249.928
  8, 10238, 0.047, 244.255
  9,  9641, 0.035, 200.386
 10,   364, 0.000, 120.728

Ten Fold with Depth 4, initial sobolIdx 8, delay 1.
Value range index, Freq, Final Error, LowErrLen:
  0,  9567, 0.661, 255.389
  1, 10098, 0.265, 255.726
  2, 10098, 0.173, 255.661
  3,  9944, 0.132, 255.484
  4,  9795, 0.116, 254.734
  5, 10161, 0.082, 253.400
  6, 10082, 0.067, 252.457
  7,  9978, 0.056, 248.251
  8, 10237, 0.045, 234.547
  9,  9657, 0.031, 198.305
 10,   383, 0.036, 146.520

Ten Fold with Depth 4, initial sobolIdx 9, delay 1.
Value range index, Freq, Final Error, LowErrLen:
  0,  9612, 1.224, 255.473
  1, 10062, 0.250, 255.819
  2,  9892, 0.181, 255.667
  3, 10073, 0.152, 255.315
  4,  9970, 0.118, 253.947
  5, 10200, 0.098, 253.460
  6, 10025, 0.072, 253.135
  7, 10074, 0.053, 248.763
  8,  9957, 0.049, 241.082
  9,  9732, 0.038, 197.083
 10,   403, 0.040, 124.561

Ten Fold with Depth 4, initial sobolIdx 10, delay 1.
Value range index, Freq, Final Error, LowErrLen:
  0,  9688, 1.537, 255.043
  1, 10052, 0.471, 254.349
  2, 10183, 0.305, 255.225
  3, 10004, 0.212, 254.424
  4,  9993, 0.143, 251.219
  5, 10092, 0.114, 248.641
  6, 10035, 0.084, 246.644
  7,  9933, 0.061, 235.584
  8,  9992, 0.047, 220.642
  9,  9619, 0.030, 172.130
 10,   409, 0.034, 87.105




Ten Fold with Depth 2, initial sobolIdx 1, delay 1.
Value range index, Freq, Final Error, LowErrLen:
  0,  9600, 0.613, 250.464
  1,  9951, 0.241, 245.249
  2,  9888, 0.203, 249.217
  3,  9948, 0.154, 248.294
  4, 10011, 0.126, 246.062
  5, 10190, 0.095, 242.365
  6, 10144, 0.077, 237.221
  7,  9976, 0.063, 215.374
  8, 10112, 0.049, 188.048
  9,  9803, 0.031, 170.444
 10,   377, 0.024, 142.769

Ten Fold with Depth 2, initial sobolIdx 2, delay 1.
Value range index, Freq, Final Error, LowErrLen:
  0,  9776, 0.743, 255.234
  1,  9975, 0.253, 254.658
  2, 10151, 0.152, 255.085
  3, 10002, 0.155, 254.917
  4,  9816, 0.113, 250.013
  5, 10237, 0.081, 250.556
  6, 10055, 0.063, 248.051
  7, 10038, 0.055, 243.255
  8, 10034, 0.044, 230.707
  9,  9536, 0.032, 189.335
 10,   380, 0.044, 145.516

Ten Fold with Depth 2, initial sobolIdx 3, delay 1.
Value range index, Freq, Final Error, LowErrLen:
  0,  9462, 0.727, 255.758
  1, 10150, 0.275, 255.660
  2, 10026, 0.219, 255.646
  3, 10013, 0.174, 255.627
  4,  9910, 0.098, 254.632
  5, 10226, 0.081, 254.180
  6, 10031, 0.080, 253.093
  7, 10161, 0.072, 250.745
  8,  9916, 0.056, 242.188
  9,  9682, 0.039, 201.348
 10,   423, 0.000, 134.889

Ten Fold with Depth 2, initial sobolIdx 4, delay 1.
Value range index, Freq, Final Error, LowErrLen:
  0,  9600, 0.597, 255.417
  1, 10109, 0.336, 255.613
  2, 10051, 0.237, 255.576
  3,  9938, 0.175, 255.059
  4,  9833, 0.110, 253.813
  5, 10161, 0.080, 253.009
  6, 10167, 0.066, 251.481
  7,  9821, 0.051, 246.080
  8, 10110, 0.044, 239.255
  9,  9780, 0.032, 197.947
 10,   430, 0.024, 142.237

Ten Fold with Depth 2, initial sobolIdx 5, delay 1.
Value range index, Freq, Final Error, LowErrLen:
  0,  9707, 0.640, 255.098
  1,  9795, 0.238, 255.502
  2, 10139, 0.163, 255.285
  3,  9993, 0.152, 255.030
  4, 10012, 0.129, 254.726
  5, 10187, 0.102, 254.092
  6, 10140, 0.083, 253.481
  7,  9970, 0.076, 250.423
  8, 10099, 0.060, 240.285
  9,  9585, 0.038, 199.448
 10,   373, 0.045, 140.166

Ten Fold with Depth 2, initial sobolIdx 6, delay 1.
Value range index, Freq, Final Error, LowErrLen:
  0,  9638, 0.910, 254.347
  1, 10035, 0.223, 254.931
  2,  9906, 0.157, 254.743
  3, 10181, 0.132, 254.087
  4,  9819, 0.102, 253.894
  5, 10067, 0.086, 254.146
  6, 10049, 0.087, 253.590
  7, 10057, 0.072, 247.271
  8, 10041, 0.053, 236.794
  9,  9814, 0.035, 199.272
 10,   393, 0.059, 145.784

Ten Fold with Depth 2, initial sobolIdx 7, delay 1.
Value range index, Freq, Final Error, LowErrLen:
  0,  9706, 0.690, 255.197
  1, 10036, 0.275, 255.015
  2, 10290, 0.173, 255.062
  3,  9936, 0.152, 254.786
  4,  9799, 0.124, 253.195
  5, 10097, 0.110, 252.814
  6, 10009, 0.088, 252.475
  7,  9918, 0.069, 247.561
  8,  9990, 0.050, 231.330
  9,  9847, 0.032, 193.473
 10,   372, 0.000, 154.841

Ten Fold with Depth 2, initial sobolIdx 8, delay 1.
Value range index, Freq, Final Error, LowErrLen:
  0,  9635, 0.738, 255.520
  1, 10157, 0.361, 255.656
  2, 10100, 0.200, 255.726
  3,  9952, 0.160, 255.480
  4,  9911, 0.124, 254.980
  5, 10111, 0.105, 254.141
  6, 10142, 0.087, 250.955
  7,  9954, 0.068, 249.920
  8,  9978, 0.050, 242.963
  9,  9705, 0.034, 201.413
 10,   355, 0.000, 146.617

Ten Fold with Depth 2, initial sobolIdx 9, delay 1.
Value range index, Freq, Final Error, LowErrLen:
  0,  9586, 1.292, 255.442
  1,  9949, 0.220, 255.711
  2, 10041, 0.174, 255.326
  3,  9877, 0.133, 254.615
  4,  9916, 0.109, 253.232
  5, 10361, 0.093, 253.175
  6,  9951, 0.078, 251.582
  7,  9940, 0.064, 245.918
  8, 10146, 0.051, 231.634
  9,  9843, 0.033, 195.156
 10,   390, 0.037, 138.010

Ten Fold with Depth 2, initial sobolIdx 10, delay 1.
Value range index, Freq, Final Error, LowErrLen:
  0,  9817, 1.117, 253.655
  1,  9918, 0.393, 251.549
  2, 10106, 0.266, 251.831
  3, 10006, 0.171, 250.544
  4,  9951, 0.122, 249.183
  5, 10088, 0.104, 248.172
  6, 10027, 0.076, 245.502
  7,  9868, 0.062, 238.360
  8, 10166, 0.052, 227.208
  9,  9662, 0.037, 195.511
 10,   391, 0.025, 144.455





Ten Fold with Depth 1, initial sobolIdx 1, delay 1.
Value range index, Freq, Final Error, LowErrLen:
  0,  9728, 0.639, 249.976
  1,  9853, 0.298, 245.580
  2, 10053, 0.249, 249.913
  3, 10076, 0.223, 248.759
  4,  9923, 0.194, 247.188
  5, 10131, 0.182, 247.126
  6,  9915, 0.161, 241.615
  7, 10122, 0.118, 227.252
  8, 10042, 0.077, 202.141
  9,  9773, 0.038, 170.353
 10,   384, 0.084, 148.844

Ten Fold with Depth 1, initial sobolIdx 2, delay 1.
Value range index, Freq, Final Error, LowErrLen:
  0,  9755, 0.751, 255.733
  1, 10032, 0.381, 255.450
  2, 10104, 0.254, 255.706
  3, 10243, 0.189, 255.381
  4,  9789, 0.163, 251.905
  5, 10211, 0.140, 254.688
  6, 10052, 0.119, 254.868
  7,  9828, 0.101, 252.830
  8, 10027, 0.066, 248.590
  9,  9598, 0.034, 198.649
 10,   361, 0.051, 146.343

Ten Fold with Depth 1, initial sobolIdx 3, delay 1.
Value range index, Freq, Final Error, LowErrLen:
  0,  9695, 0.738, 255.669
  1, 10031, 0.281, 255.435
  2, 10095, 0.269, 255.557
  3,  9757, 0.207, 255.424
  4, 10109, 0.160, 255.051
  5, 10208, 0.120, 254.549
  6, 10080, 0.096, 253.490
  7,  9997, 0.081, 250.327
  8, 10122, 0.071, 243.728
  9,  9525, 0.047, 198.117
 10,   381, 0.070, 154.625

Ten Fold with Depth 1, initial sobolIdx 4, delay 1.
Value range index, Freq, Final Error, LowErrLen:
  0,  9636, 0.661, 255.628
  1,  9996, 0.340, 255.720
  2, 10024, 0.254, 255.645
  3,  9845, 0.202, 255.218
  4,  9918, 0.151, 254.472
  5, 10237, 0.125, 254.158
  6, 10092, 0.105, 253.326
  7, 10184, 0.078, 250.627
  8, 10013, 0.056, 241.668
  9,  9647, 0.036, 203.578
 10,   408, 0.048, 142.157

Ten Fold with Depth 1, initial sobolIdx 5, delay 1.
Value range index, Freq, Final Error, LowErrLen:
  0,  9745, 0.718, 255.259
  1,  9938, 0.288, 255.678
  2, 10152, 0.246, 255.575
  3,  9885, 0.228, 255.835
  4,  9999, 0.189, 255.696
  5, 10186, 0.145, 255.209
  6, 10025, 0.116, 254.232
  7,  9890, 0.086, 250.286
  8, 10108, 0.063, 244.576
  9,  9687, 0.039, 202.565
 10,   385, 0.070, 150.787

Ten Fold with Depth 1, initial sobolIdx 6, delay 1.
Value range index, Freq, Final Error, LowErrLen:
  0,  9603, 1.139, 254.585
  1, 10006, 0.381, 254.893
  2, 10208, 0.231, 255.302
  3, 10028, 0.157, 255.298
  4,  9847, 0.158, 255.088
  5, 10218, 0.142, 254.514
  6, 10051, 0.125, 253.764
  7,  9912, 0.104, 251.152
  8, 10099, 0.072, 240.098
  9,  9646, 0.040, 194.557
 10,   382, 0.074, 141.929

Ten Fold with Depth 1, initial sobolIdx 7, delay 1.
Value range index, Freq, Final Error, LowErrLen:
  0,  9681, 0.716, 255.360
  1, 10061, 0.429, 255.816
  2,  9991, 0.273, 255.736
  3, 10058, 0.206, 255.571
  4,  9911, 0.150, 253.180
  5, 10127, 0.125, 252.762
  6, 10111, 0.121, 252.931
  7,  9795, 0.095, 247.332
  8, 10041, 0.065, 232.646
  9,  9791, 0.038, 195.314
 10,   433, 0.081, 141.875

Ten Fold with Depth 1, initial sobolIdx 8, delay 1.
Value range index, Freq, Final Error, LowErrLen:
  0,  9343, 0.594, 255.079
  1, 10114, 0.356, 255.513
  2, 10106, 0.223, 255.539
  3, 10012, 0.162, 255.569
  4,  9964, 0.149, 255.467
  5, 10109, 0.138, 255.076
  6,  9969, 0.111, 253.699
  7, 10022, 0.084, 252.077
  8, 10261, 0.056, 239.568
  9,  9720, 0.036, 199.134
 10,   380, 0.050, 142.418

Ten Fold with Depth 1, initial sobolIdx 9, delay 1.
Value range index, Freq, Final Error, LowErrLen:
  0,  9576, 1.204, 255.309
  1,  9969, 0.326, 255.745
  2, 10386, 0.190, 255.317
  3,  9944, 0.148, 255.093
  4,  9813, 0.134, 254.931
  5, 10020, 0.135, 254.819
  6, 10196, 0.132, 253.714
  7, 10058, 0.098, 250.242
  8, 10078, 0.065, 235.460
  9,  9565, 0.038, 198.098
 10,   395, 0.069, 140.777

Ten Fold with Depth 1, initial sobolIdx 10, delay 1.
Value range index, Freq, Final Error, LowErrLen:
  0,  9579, 1.252, 253.764
  1,  9969, 0.476, 251.650
  2, 10096, 0.362, 254.722
  3,  9994, 0.257, 254.053
  4,  9821, 0.167, 251.425
  5, 10047, 0.133, 250.008
  6, 10209, 0.114, 248.625
  7,  9956, 0.094, 240.741
  8, 10220, 0.067, 228.606
  9,  9736, 0.037, 190.072
 10,   373, 0.002, 141.429

